164	158	153	148	164	164	141	154	145	141	148	168	171	190	201	154	184	155	153	144	144	173	181	175	172	199	190	202	212	205	220	215	173	193	156	154	143	162	153	144	174	195	194	177	147	136	107	18	47	100	147	79	139	72	0	169	229	255	245	130	194	161	134	107	190	170	182	160	167	174	139	146	178	85	178	255	208	195	94	24	172	224	179	163	143	69	128	184	135	108	138	128	143	199	199	194	255	248	255	252	250	253	244	255	92	255	202	131	215	205	237	170	162	177	190	198	187	155	142	151	97	152	180	127	166	178	186	206	120
173	176	175	154	161	178	166	165	150	159	171	177	158	165	184	155	187	161	166	167	160	165	179	209	168	177	171	186	204	193	176	159	175	155	121	146	166	165	156	151	168	196	154	159	174	255	182	13	223	134	145	111	78	113	123	206	238	100	68	190	189	190	169	168	175	172	221	168	123	160	148	136	196	153	157	255	255	170	174	148	211	201	156	75	60	84	33	117	109	125	188	156	189	252	248	134	36	251	236	185	193	195	130	164	5	1	141	117	146	245	94	4	154	175	105	168	146	191	21	61	122	128	202	174	203	148	154	200	186
177	164	166	155	157	174	165	155	143	157	167	167	145	149	175	159	159	167	174	155	156	175	184	206	191	181	182	188	197	177	132	118	174	142	123	148	187	170	161	135	125	152	128	153	201	255	207	176	193	46	130	194	253	85	54	244	215	13	1	209	138	217	211	120	126	124	173	167	150	146	123	177	191	128	72	122	226	213	145	123	191	133	146	159	158	165	101	86	51	91	192	163	209	255	255	122	0	255	164	0	19	99	154	180	119	0	255	253	221	255	112	0	51	54	62	162	153	185	43	113	183	75	91	133	157	201	171	175	124
180	138	145	161	162	162	148	141	152	156	151	152	145	155	176	160	145	157	156	138	150	163	152	164	183	168	179	174	170	148	101	107	123	131	149	144	180	172	181	133	136	134	159	145	176	90	24	155	57	0	16	181	248	177	122	90	245	166	111	165	143	164	147	136	195	155	120	146	185	196	163	175	154	168	167	174	245	255	165	193	123	98	166	214	217	133	174	185	33	40	114	90	157	241	248	142	2	141	43	94	135	178	198	148	188	199	255	255	255	124	65	136	158	158	108	125	210	213	146	185	228	154	177	111	173	168	166	224	69
177	144	157	169	162	161	154	153	176	176	160	157	155	160	175	163	164	142	144	158	163	130	105	143	163	151	165	165	167	153	117	130	104	139	179	147	155	142	178	139	192	144	202	171	204	156	72	179	0	3	86	137	88	129	119	108	215	244	255	201	159	156	152	130	112	200	106	79	157	196	180	203	177	233	178	201	247	186	204	212	164	173	173	144	234	172	188	241	101	34	31	32	122	255	252	225	103	132	0	93	255	208	156	107	142	157	125	225	248	179	100	167	255	140	69	202	214	173	215	218	235	203	251	163	88	95	114	173	151
156	162	178	161	152	170	171	167	173	185	174	169	161	156	170	168	157	149	165	175	169	143	123	149	167	160	163	170	183	176	151	153	135	151	190	167	158	135	188	179	165	107	176	161	136	165	88	91	186	189	255	236	178	112	113	252	246	255	255	163	151	188	163	180	157	150	196	255	144	156	218	151	153	209	148	157	233	159	227	194	118	211	172	105	182	186	214	211	143	60	74	169	193	222	153	160	116	137	213	252	102	139	255	190	210	148	248	210	131	248	249	244	250	255	201	220	198	159	212	146	183	161	97	75	11	187	152	152	183
144	161	172	156	170	195	179	166	155	176	172	172	167	154	160	158	147	157	181	173	169	183	169	152	161	168	155	157	164	159	161	162	149	136	162	174	183	173	222	214	142	140	195	182	142	158	132	100	76	190	220	194	103	141	255	255	255	141	218	253	171	179	143	155	166	91	142	253	198	212	196	122	133	221	235	189	168	94	91	135	97	132	100	18	111	162	178	107	112	51	71	195	152	161	177	193	255	247	255	255	0	155	227	219	255	161	116	0	137	255	255	255	255	200	218	170	147	130	206	123	185	255	215	184	255	255	113	94	128
154	153	155	167	213	227	184	163	156	174	168	173	176	158	148	136	169	150	166	175	180	194	175	148	152	176	156	149	143	140	175	190	171	141	147	166	185	186	208	170	179	214	190	123	170	191	255	249	72	76	219	90	81	171	232	195	93	25	196	248	151	166	135	154	114	134	98	76	132	229	143	116	179	194	130	140	111	88	29	145	158	121	187	16	133	159	82	111	96	102	119	198	114	165	238	153	139	214	245	101	75	144	65	3	5	156	104	113	178	0	25	181	131	71	142	101	116	145	184	190	177	182	205	255	247	153	47	76	119
178	157	148	165	183	182	168	159	163	153	157	176	178	156	134	127	146	160	154	150	165	161	141	136	160	165	180	158	154	140	167	184	169	168	180	167	131	193	157	174	158	165	144	179	211	231	206	162	254	242	218	139	245	201	181	255	127	162	158	129	133	159	124	167	174	159	190	146	75	195	214	108	160	139	76	122	88	125	167	199	196	183	132	125	197	85	12	132	160	162	159	141	149	199	132	71	121	46	169	154	69	142	44	12	20	82	251	156	25	106	21	0	97	215	190	1	88	111	172	250	190	182	124	157	143	111	138	184	194
152	169	176	196	167	163	155	174	166	165	161	154	147	143	143	144	155	168	169	161	155	149	148	155	162	156	164	172	184	173	165	157	160	155	161	152	129	173	158	169	173	148	126	209	192	225	234	251	251	255	196	208	255	158	174	166	127	202	104	158	170	175	178	164	180	124	172	197	108	72	226	159	137	105	31	165	173	210	220	131	165	183	221	198	109	104	184	98	140	173	97	105	63	88	17	135	233	140	209	221	190	255	222	238	255	163	245	92	7	255	205	100	143	255	241	141	215	92	147	152	151	175	173	166	220	172	155	139	153
161	175	168	190	154	158	139	156	148	152	144	125	120	128	129	120	142	144	153	151	137	133	145	153	166	168	174	191	182	173	165	174	157	149	152	163	169	184	178	162	170	133	206	150	148	115	195	35	117	255	169	178	119	188	115	230	255	49	115	162	148	177	192	181	132	161	208	159	97	69	98	112	145	165	99	210	237	213	175	141	213	170	238	179	105	182	220	144	107	229	213	154	81	68	25	159	100	90	242	211	204	96	52	162	248	255	249	255	230	255	255	255	242	235	255	252	199	194	228	119	166	167	177	227	227	164	114	121	140
174	164	146	158	152	161	149	152	165	160	145	133	141	155	150	133	147	132	140	148	136	136	145	140	154	164	168	186	157	149	147	173	145	135	140	169	198	177	169	121	153	144	176	169	139	89	156	0	6	237	196	178	86	139	94	255	250	158	223	158	162	154	183	180	141	137	148	113	196	201	93	160	69	119	202	192	244	103	84	139	208	189	170	203	235	215	192	160	142	225	245	163	137	184	161	149	135	31	126	96	120	136	0	114	255	130	145	255	243	252	214	86	48	14	85	0	62	255	139	200	170	207	195	207	170	195	192	137	217
157	150	155	144	156	152	171	178	167	157	144	139	149	166	176	178	174	158	160	162	148	150	161	156	161	156	150	177	170	170	148	149	147	144	149	171	194	157	161	116	135	179	130	158	158	142	215	104	0	255	223	255	255	107	255	176	119	179	170	148	187	185	169	149	179	141	122	107	192	159	203	185	0	47	138	168	140	96	86	143	159	138	153	208	197	171	176	160	146	166	202	213	208	255	197	142	144	176	187	112	177	244	255	187	191	31	85	87	0	169	255	22	87	87	2	15	210	199	136	242	162	181	143	130	168	152	187	137	200
152	146	165	144	165	147	171	171	111	126	139	138	134	142	159	173	163	165	168	158	144	152	172	180	175	161	148	162	171	178	163	155	155	158	166	172	179	156	184	168	142	165	177	110	162	137	227	4	10	209	255	255	230	145	254	255	255	124	153	189	206	210	154	129	115	184	213	200	171	139	177	48	92	162	145	210	163	212	190	212	167	93	153	170	93	124	163	188	217	198	219	198	220	192	156	160	164	234	228	172	176	247	176	254	245	50	39	255	96	47	249	171	131	105	0	252	255	5	145	223	122	199	139	112	168	157	154	152	153
163	154	161	149	168	158	165	154	111	149	175	164	147	147	154	156	140	159	159	146	146	157	166	172	163	162	160	147	150	150	158	155	151	151	158	160	165	165	184	175	162	135	166	154	165	135	150	24	0	255	255	136	2	138	228	250	248	180	162	170	192	173	170	164	154	177	185	188	175	219	180	122	126	168	212	199	235	205	208	197	190	155	140	214	178	143	166	148	221	196	214	165	222	164	113	94	164	168	183	221	229	79	49	255	255	0	0	207	33	105	255	255	152	0	56	253	191	12	33	146	130	144	116	145	152	148	130	222	116
162	162	162	161	164	169	173	173	167	204	213	181	159	168	169	155	149	172	165	152	168	176	159	146	165	174	188	167	172	158	160	143	167	156	159	165	176	184	170	141	151	167	150	140	172	154	127	248	250	110	208	67	61	210	157	193	174	212	154	181	158	170	124	133	140	140	173	138	157	201	202	177	129	103	205	231	186	213	211	236	220	174	176	237	250	221	124	88	169	158	157	147	141	156	126	144	186	181	157	182	150	126	182	207	212	14	10	116	0	255	249	203	94	0	255	250	107	13	77	180	207	162	195	126	122	189	212	219	212
193	166	140	153	151	193	188	165	181	183	176	163	159	167	175	176	168	171	171	169	169	165	151	136	157	179	181	171	174	179	171	163	172	173	155	169	178	183	195	162	176	159	147	124	117	169	149	193	114	0	105	184	255	240	0	63	181	126	146	177	169	158	140	150	128	138	185	144	150	156	143	186	191	108	253	255	157	192	207	226	205	255	162	153	179	181	151	105	175	145	138	131	179	201	177	217	179	187	190	105	81	150	141	115	180	255	219	200	252	250	255	83	87	66	64	255	60	67	215	236	17	18	193	106	175	253	239	185	243
152	150	157	182	171	193	189	173	149	151	145	137	143	154	154	143	175	171	160	149	147	151	150	145	167	171	166	161	158	147	143	155	162	158	150	154	159	166	170	145	117	146	129	118	133	178	156	165	6	60	255	183	255	183	12	56	207	160	146	117	139	147	122	145	155	151	165	143	149	151	186	234	209	255	255	201	132	162	186	221	165	221	219	179	202	170	113	100	183	170	112	150	255	238	89	123	37	148	220	202	115	86	182	210	175	246	255	112	253	248	255	185	157	212	0	119	226	158	142	162	80	139	250	183	174	153	174	185	191
160	150	155	171	155	168	174	171	136	148	151	142	141	149	145	132	148	153	157	157	156	154	147	140	161	167	161	151	147	143	147	163	159	152	161	156	155	168	161	148	154	170	130	84	132	126	184	174	0	0	170	134	131	126	111	184	185	158	144	116	187	181	134	151	143	148	165	173	167	153	222	255	198	255	238	162	159	187	149	155	120	165	255	151	122	148	156	137	175	126	146	188	128	143	114	117	80	123	193	178	177	198	205	123	107	218	255	254	238	196	120	116	32	114	250	255	255	255	90	95	246	254	194	215	175	112	234	255	183
199	164	149	155	147	157	167	163	141	168	182	166	148	147	149	146	161	158	152	145	143	148	157	162	143	170	167	143	141	156	162	161	157	149	170	157	148	161	143	138	155	174	141	108	82	38	178	202	84	107	71	233	255	173	218	245	160	138	129	142	224	182	158	158	175	166	184	191	178	153	192	202	99	170	191	102	163	188	188	200	187	177	254	146	108	85	84	122	146	141	168	170	111	171	197	195	142	136	169	110	146	220	239	152	80	209	255	248	255	21	0	81	0	5	233	242	155	246	124	137	166	166	151	169	215	131	226	236	109
192	163	165	178	178	176	178	161	141	166	180	169	152	149	153	154	170	164	157	150	146	148	155	161	146	169	168	150	150	157	153	148	171	166	189	171	155	161	141	135	179	158	110	158	110	92	169	112	0	78	146	251	255	187	253	255	179	167	153	172	207	164	218	207	198	161	172	165	171	167	166	151	98	209	164	77	157	160	174	146	103	183	186	136	215	175	102	161	162	191	212	195	188	205	170	116	163	164	154	139	148	132	218	213	80	155	148	251	255	225	111	57	0	2	166	152	50	71	11	94	252	255	243	52	176	255	255	190	126
160	152	178	186	182	171	177	161	146	151	158	163	165	164	161	158	151	152	158	165	165	160	155	154	167	163	162	175	181	164	151	161	173	175	190	180	166	171	165	157	124	114	149	165	153	127	233	155	251	255	236	255	248	219	255	123	97	124	143	161	154	138	224	199	153	136	161	153	164	161	159	158	161	167	158	128	137	175	117	75	118	255	215	158	217	208	155	151	172	166	234	249	196	203	220	151	182	152	143	125	130	70	78	142	35	110	91	255	158	109	255	132	24	0	119	0	5	121	36	44	170	227	203	161	112	233	251	174	120
148	145	171	164	159	153	173	160	156	149	153	168	176	169	162	161	163	154	148	152	157	160	165	170	173	155	151	177	194	174	159	172	153	162	162	162	153	158	173	162	187	146	179	146	171	131	209	145	254	252	182	204	200	228	142	109	97	119	160	178	165	166	197	173	140	147	156	163	170	133	142	148	140	53	153	153	111	207	151	171	232	255	199	165	140	120	160	150	198	184	177	182	152	160	171	162	140	119	140	83	92	57	0	131	156	191	184	145	150	245	240	69	0	3	58	11	52	180	201	147	111	119	42	253	209	253	255	244	161
150	143	164	153	157	159	182	163	158	152	160	176	173	153	148	157	164	159	161	170	173	163	151	145	162	150	140	154	175	170	154	151	162	172	158	159	149	149	177	162	183	170	170	206	185	190	191	205	255	244	145	205	151	171	206	205	209	171	182	181	172	172	140	138	159	151	112	147	186	137	155	148	145	92	159	140	161	233	174	157	210	196	124	83	89	107	180	152	208	203	166	176	139	157	146	144	145	126	96	129	223	166	44	111	255	250	195	211	247	255	252	125	82	0	137	255	21	10	194	218	162	224	105	53	174	255	248	208	250
156	155	159	159	158	171	178	168	169	159	155	159	163	162	162	165	170	176	184	183	167	148	142	147	165	160	159	170	173	153	143	157	161	173	162	160	139	162	154	143	151	163	219	194	179	167	196	148	255	237	226	241	48	192	214	145	194	168	152	129	169	161	162	228	255	154	136	164	164	172	217	170	170	138	94	151	237	237	143	155	186	201	135	83	83	161	248	188	143	185	104	115	184	159	153	182	195	123	116	136	175	213	177	174	214	121	173	217	194	255	255	0	158	197	176	232	210	121	122	199	197	255	194	5	42	107	255	255	248
163	157	154	149	149	164	172	160	151	157	165	166	154	143	149	163	174	170	169	170	166	156	151	151	164	158	151	158	166	153	142	150	143	167	153	156	156	160	137	148	191	220	221	184	182	141	166	118	244	255	192	32	22	197	143	131	97	79	152	165	173	201	255	252	241	149	154	147	187	170	149	175	153	146	176	123	88	147	120	148	131	172	153	150	132	198	255	255	193	114	35	69	140	119	150	149	251	131	95	145	165	165	172	255	196	148	136	190	255	253	182	18	0	166	171	255	255	74	80	255	241	199	109	75	97	176	179	255	204
165	156	147	139	138	154	161	148	167	166	172	178	172	158	152	156	176	167	162	166	170	166	158	152	172	166	155	157	167	162	151	152	144	176	158	154	161	152	137	175	171	183	163	183	197	145	164	104	255	255	220	49	1	237	255	128	140	109	183	189	130	127	238	232	137	144	194	155	185	179	144	138	167	98	138	144	128	194	180	160	167	175	165	196	153	166	188	249	168	65	34	84	149	115	179	206	164	121	154	139	210	188	208	246	190	191	226	213	5	148	255	254	255	234	130	222	215	95	221	195	248	160	255	234	124	111	16	122	125
164	155	150	144	140	149	155	146	167	162	168	180	179	162	150	148	160	159	162	168	172	171	166	162	170	170	161	159	168	166	156	154	164	175	161	158	173	172	151	152	190	163	130	179	159	133	164	145	255	255	137	206	9	105	184	151	181	162	161	174	167	183	255	250	136	156	162	179	195	151	144	157	185	119	104	176	195	182	186	167	170	162	160	182	160	157	115	144	116	90	93	119	160	103	125	177	149	172	183	211	177	161	143	231	146	42	166	174	0	255	206	69	255	99	0	60	83	123	248	180	137	213	247	245	223	192	26	222	203
169	159	161	164	157	156	161	159	158	165	182	195	183	163	163	177	152	160	167	167	165	167	175	181	158	165	161	159	164	160	151	153	173	155	157	168	187	198	160	83	132	158	146	184	166	174	178	216	131	1	99	204	209	132	98	121	176	174	119	134	187	255	234	144	104	142	150	186	196	198	174	152	131	127	56	73	124	92	100	130	140	149	163	147	167	189	120	72	101	112	119	133	171	161	135	155	170	173	159	192	174	167	158	241	97	136	166	185	255	249	194	108	255	0	18	0	119	42	137	199	101	142	114	179	203	173	135	149	203
180	160	163	179	174	164	168	176	168	165	176	194	195	182	181	193	179	185	184	171	159	161	174	184	163	168	166	169	173	165	158	166	167	152	172	168	167	180	164	82	95	178	159	148	175	176	120	144	22	0	154	255	230	157	154	194	197	176	144	140	134	183	180	111	123	31	149	255	185	166	155	149	126	129	63	61	179	172	136	194	187	151	140	119	145	171	148	126	122	113	116	111	132	167	150	160	141	160	186	137	195	185	205	180	132	254	236	255	242	248	96	255	251	235	102	89	228	160	71	105	211	222	174	83	176	195	178	162	198
189	149	143	169	172	158	163	179	171	150	146	166	180	173	167	170	189	191	184	170	162	163	167	167	173	168	164	172	181	170	164	176	162	157	172	152	148	153	162	123	141	187	167	126	171	161	177	168	209	255	156	167	195	29	190	223	200	160	185	169	148	166	235	255	187	94	193	202	129	142	172	121	117	136	104	116	205	175	166	226	200	139	109	124	128	158	173	191	210	193	179	123	126	107	96	175	172	205	203	187	144	137	133	137	154	192	255	255	255	252	255	248	255	253	153	239	249	75	145	160	169	172	88	0	79	255	204	255	249
191	135	119	150	159	145	151	171	170	156	153	165	163	151	153	168	162	163	162	161	166	170	164	153	170	156	146	159	173	163	156	170	160	149	144	131	164	160	152	125	146	137	161	120	102	40	157	117	254	255	250	117	177	157	193	229	220	175	200	147	182	181	222	232	212	202	177	131	206	182	185	146	104	150	96	98	128	89	161	176	151	144	131	160	138	183	171	142	183	189	169	95	142	63	44	214	176	176	164	169	168	174	154	114	101	139	255	255	248	195	244	65	0	81	212	255	192	0	170	227	81	67	88	143	142	231	201	134	195
163	155	155	169	172	154	154	180	154	155	154	153	152	153	158	161	158	149	159	162	157	148	139	150	154	151	154	160	160	157	159	165	142	154	141	138	166	174	170	187	158	139	173	123	101	102	109	170	178	252	255	132	137	164	162	187	183	129	61	158	218	169	124	143	174	145	138	236	237	247	255	171	122	169	143	161	132	141	187	191	137	140	153	165	182	201	186	151	163	162	65	71	136	41	126	240	193	166	236	193	178	214	126	102	192	140	65	255	255	236	26	0	0	14	211	255	248	177	160	146	150	158	153	232	208	255	158	44	145
165	164	156	155	158	152	156	174	172	157	139	133	142	157	168	173	162	162	160	160	152	143	146	151	163	157	156	159	159	152	146	145	152	138	149	155	145	161	179	165	172	175	185	151	148	142	174	251	254	242	246	100	119	123	151	139	129	120	100	133	153	172	168	113	126	138	100	134	207	165	253	246	152	112	139	152	148	137	153	184	147	149	154	197	209	188	173	135	185	165	96	44	168	187	158	169	194	134	175	219	120	161	177	138	173	197	21	56	174	106	198	0	12	0	0	119	240	244	215	108	126	117	121	113	111	148	173	62	36
157	165	157	145	148	150	149	154	164	155	144	142	147	153	155	153	155	169	152	152	145	137	157	150	152	147	145	148	148	141	132	127	157	145	153	151	132	142	158	145	137	143	126	117	150	128	194	255	255	255	206	221	212	138	131	134	118	157	189	170	131	122	161	162	146	135	121	140	176	173	227	255	119	123	173	147	116	158	166	147	151	160	151	124	128	167	164	121	148	178	128	96	218	243	209	165	162	165	120	141	140	173	204	255	244	234	208	80	38	0	255	126	0	32	229	186	147	226	162	68	174	229	180	255	235	161	255	229	102
156	168	167	164	168	163	152	149	145	150	155	157	154	149	143	141	142	164	137	143	145	141	170	148	135	135	137	140	141	139	137	136	151	169	152	132	143	144	142	160	139	126	122	138	203	153	239	253	189	67	194	233	171	144	158	113	118	129	140	138	172	146	155	207	165	160	208	98	95	188	124	164	206	153	117	171	135	159	132	92	168	175	184	103	99	185	179	153	113	142	140	168	240	190	151	149	167	91	115	142	165	181	208	221	160	167	0	152	255	185	116	88	4	105	246	2	7	121	67	0	187	255	255	244	253	179	255	255	150
152	157	160	167	175	163	146	145	157	154	152	153	157	159	157	155	140	162	135	146	155	155	179	148	139	147	152	151	147	149	156	163	155	173	154	136	153	163	166	184	197	141	144	143	204	148	255	255	160	178	192	158	240	231	161	176	182	160	150	130	174	158	131	158	171	139	207	61	140	213	134	229	255	166	112	163	155	176	152	155	114	125	158	169	172	190	195	198	164	123	169	188	228	170	65	110	141	22	126	230	207	158	120	0	20	0	10	169	249	249	249	133	193	216	184	0	60	112	121	94	193	255	222	255	255	147	194	171	124
158	158	156	163	173	165	153	154	180	167	156	160	172	175	162	148	149	163	147	155	165	167	177	152	153	164	169	162	153	154	164	173	174	159	161	155	144	166	183	162	149	105	146	157	211	171	254	251	127	222	64	81	192	195	164	168	160	137	191	190	180	185	189	226	194	122	127	113	174	247	224	255	206	158	176	88	127	207	203	233	127	149	142	196	188	146	192	187	179	172	189	176	176	142	101	140	167	140	131	187	177	162	123	0	0	255	244	255	255	121	0	2	50	239	255	199	188	162	241	158	183	198	218	255	205	179	129	154	232
168	175	169	165	177	182	172	164	167	165	167	174	179	174	157	141	150	157	157	159	162	165	165	156	152	163	168	160	151	152	159	164	172	157	160	159	150	166	166	130	168	127	134	139	190	201	220	255	217	192	130	63	113	109	124	129	151	114	169	198	196	209	174	202	169	156	112	141	87	197	213	103	192	148	174	77	160	202	160	204	243	244	194	161	122	109	147	136	127	183	175	169	147	122	151	162	94	117	139	148	123	144	143	44	153	175	65	44	255	214	0	65	130	255	155	153	191	73	208	175	206	162	126	143	199	101	134	241	246
144	162	157	144	157	171	158	138	136	150	166	171	165	160	161	165	143	145	158	155	153	157	153	159	143	154	159	155	151	154	157	157	147	166	152	147	176	178	146	129	156	149	150	167	190	159	17	26	127	194	182	153	123	140	148	155	157	153	170	166	189	203	98	109	126	145	138	182	129	149	212	151	170	194	204	159	218	206	150	201	243	199	182	90	49	88	80	100	125	143	179	187	190	181	134	129	113	104	179	141	147	139	159	193	131	82	23	10	130	239	255	255	255	253	242	74	146	217	252	101	139	192	118	103	244	212	124	214	188
160	159	175	173	168	164	152	159	153	164	168	164	157	148	156	178	166	151	162	167	154	164	174	153	165	175	183	178	164	155	158	165	166	165	140	152	167	167	170	144	154	150	169	180	171	155	47	16	217	253	188	141	154	142	137	152	159	163	155	160	153	178	162	134	177	173	161	192	184	63	167	255	156	100	207	187	133	226	247	203	217	153	140	175	85	28	7	0	79	170	159	169	150	145	179	177	255	148	167	125	111	116	136	139	250	255	248	255	234	62	14	0	192	175	40	19	171	255	248	189	160	176	91	91	237	252	141	89	123
167	171	177	162	172	197	184	169	162	167	175	174	161	154	164	178	163	151	156	162	160	170	170	149	170	181	185	172	152	147	165	185	187	187	172	181	177	157	162	155	147	133	162	191	178	166	141	204	215	119	161	154	146	173	136	169	158	163	163	174	158	178	185	191	149	124	158	191	178	94	150	255	162	120	201	171	100	163	151	111	146	170	204	194	146	22	0	11	67	148	120	157	140	120	161	133	214	125	149	196	126	163	162	93	243	255	246	242	177	0	0	13	186	130	65	42	56	177	150	214	255	249	152	183	52	91	216	92	115
156	161	168	155	166	192	179	165	157	153	168	171	151	148	162	163	163	170	178	177	171	167	163	156	155	158	161	163	162	159	156	154	156	142	154	213	222	166	127	112	123	102	119	153	171	181	164	210	146	82	70	154	166	109	122	151	161	160	152	154	132	148	148	147	155	151	157	152	146	150	165	171	129	206	216	150	180	255	135	67	117	123	140	156	163	134	6	0	125	178	132	133	125	94	104	147	147	161	97	100	181	179	169	204	253	255	254	158	8	17	0	92	239	218	206	230	82	90	16	23	194	255	252	255	145	136	152	69	166
149	149	169	170	168	167	155	163	173	164	182	189	166	169	184	174	171	184	185	180	180	174	164	163	154	156	164	175	182	179	166	155	163	148	144	173	197	187	157	128	131	133	132	122	149	184	154	135	153	167	122	131	153	131	124	100	116	142	156	163	146	172	175	167	186	209	197	230	180	140	164	154	158	175	242	238	174	255	235	137	123	195	146	138	122	127	74	49	148	104	149	161	110	110	109	182	165	203	176	112	131	130	138	121	189	255	245	251	198	0	34	255	255	212	140	162	252	214	0	73	97	237	227	252	249	255	215	27	203
154	156	176	178	176	174	163	170	177	167	184	192	173	179	192	177	178	175	160	152	162	167	161	158	151	161	169	164	154	155	169	184	164	187	172	126	137	195	197	156	156	173	171	139	145	169	171	170	218	210	157	156	165	167	179	139	129	172	207	213	162	157	167	188	221	221	191	222	175	151	171	169	222	196	160	170	132	104	64	138	215	255	126	147	209	68	157	226	190	18	146	255	140	161	197	154	160	246	201	177	184	98	0	119	255	255	118	242	255	11	6	204	246	255	97	53	255	233	138	61	0	125	224	254	250	255	251	239	252
148	154	164	152	163	189	175	160	154	149	160	164	155	161	168	155	167	168	161	141	124	127	144	157	143	147	147	140	132	135	149	164	158	165	164	139	153	193	188	167	177	158	161	180	208	186	180	191	224	232	173	154	171	167	183	197	175	193	213	219	152	116	116	149	219	180	160	155	153	189	156	150	188	159	142	164	132	130	126	149	215	150	79	97	127	68	181	244	255	72	99	255	191	192	251	147	118	135	138	153	182	62	7	134	254	252	0	0	205	255	0	110	253	255	127	189	252	99	240	106	89	145	210	202	224	243	136	255	226
145	151	160	148	158	182	168	152	159	161	161	160	161	166	164	157	155	160	174	165	137	138	160	164	157	156	155	156	157	154	148	143	179	149	151	156	171	185	185	209	202	173	171	198	234	196	176	169	198	225	221	98	123	203	130	130	144	166	185	196	158	156	161	177	181	149	174	205	197	163	117	162	122	148	190	185	121	148	175	111	137	252	171	10	111	138	118	224	203	126	40	158	205	188	220	185	150	144	193	154	187	130	134	38	0	170	59	9	198	139	64	123	0	149	143	196	252	166	145	119	220	186	56	34	152	255	234	138	135
161	162	182	183	179	174	160	166	174	181	174	169	176	179	171	168	155	141	162	187	194	209	206	169	165	174	180	175	162	152	151	154	145	156	181	159	148	168	178	205	205	221	214	168	158	140	167	175	165	129	94	105	127	158	141	40	123	185	213	194	151	179	192	186	174	181	160	175	182	153	148	155	153	169	131	126	150	108	75	79	249	255	125	32	229	166	162	138	122	126	57	133	202	177	165	181	191	151	162	190	204	180	174	0	78	243	0	41	255	4	3	0	6	235	217	190	154	125	6	67	153	163	112	45	141	190	243	229	171
108	157	178	114	199	195	141	167	177	184	170	162	175	172	161	167	136	154	169	174	178	180	171	156	161	152	162	180	181	172	155	136	162	184	181	181	154	170	175	190	187	184	203	149	141	182	155	153	166	131	45	151	203	196	184	78	143	183	149	155	148	135	136	168	153	159	172	170	151	146	152	150	170	169	151	157	148	156	121	96	119	216	44	6	204	161	158	175	168	139	106	106	98	236	194	180	137	102	191	203	174	125	4	0	255	255	10	172	219	78	36	254	252	255	225	201	192	174	240	255	190	243	221	211	255	205	198	213	229
93	97	119	140	191	156	177	187	145	175	171	151	154	159	161	172	165	175	182	183	187	191	183	170	159	148	153	165	164	159	150	137	176	170	146	151	154	183	177	172	164	163	189	169	167	192	167	150	191	172	99	153	171	181	205	151	156	145	147	176	183	172	172	132	143	149	159	155	138	140	159	168	182	170	151	153	161	180	178	173	53	123	41	67	228	187	163	182	174	77	138	97	153	156	178	240	193	105	162	246	133	68	0	15	244	199	39	240	189	0	126	255	165	235	179	49	152	200	255	171	89	224	182	200	191	147	182	161	159
112	114	137	143	155	124	164	178	146	189	192	168	166	170	164	163	178	180	178	173	176	183	182	174	177	163	160	161	155	154	156	150	162	164	152	153	153	175	176	176	162	153	165	173	170	180	180	160	159	132	106	172	201	195	182	144	165	189	161	139	189	155	150	176	156	142	138	143	148	161	169	164	172	159	156	156	173	175	183	183	178	144	95	137	211	164	137	206	127	109	176	224	255	101	155	251	193	188	196	207	129	92	171	96	74	141	10	176	255	0	0	41	1	125	248	75	138	143	102	64	62	189	177	207	108	102	169	145	139
147	147	177	141	162	147	120	161	152	172	157	137	155	175	175	177	167	166	159	149	147	155	162	164	150	141	144	150	154	168	186	189	144	165	177	176	167	171	173	174	159	143	133	148	139	143	183	180	171	147	142	170	196	202	175	150	122	137	153	146	144	132	160	182	168	152	150	160	167	172	170	158	162	150	160	156	169	149	153	151	150	187	147	44	71	194	179	164	150	130	218	248	255	192	196	204	122	138	188	178	105	0	102	147	39	255	247	255	244	70	223	247	229	35	154	181	243	254	187	142	153	184	187	196	134	164	155	190	184
155	128	155	157	189	171	127	161	146	158	149	146	166	169	156	158	165	165	157	143	134	138	150	158	175	164	157	148	137	142	151	150	153	159	167	170	182	181	166	144	133	133	122	139	126	120	169	177	180	156	142	126	171	217	195	165	150	145	140	159	168	181	166	168	160	165	182	184	163	153	162	170	170	156	161	150	160	142	155	161	164	161	144	92	111	197	157	184	147	149	130	132	217	72	184	245	200	124	104	88	142	229	125	7	134	255	255	191	147	0	15	142	169	5	0	46	179	209	213	164	172	147	130	126	180	204	97	138	209
149	142	153	163	141	130	158	150	140	163	168	168	174	162	150	160	179	177	169	157	146	146	154	163	171	163	161	157	152	163	175	171	161	153	151	147	169	168	154	125	126	150	149	160	152	132	147	147	151	122	129	126	151	149	144	174	197	202	159	175	228	236	160	169	160	161	175	177	156	146	157	168	169	163	163	155	156	150	160	166	179	175	161	122	138	208	160	153	203	160	140	255	185	0	255	255	141	110	114	154	206	255	192	0	27	250	79	75	255	184	121	7	0	8	12	0	106	109	140	169	151	136	142	155	189	182	102	65	150
138	164	174	159	117	107	134	130	132	157	152	133	139	150	167	193	178	173	166	161	158	157	158	160	185	176	172	165	159	169	176	168	162	154	153	135	151	147	147	128	147	176	167	161	173	161	142	135	157	156	187	171	131	63	95	194	149	132	167	202	213	220	179	146	161	149	153	164	159	154	156	155	161	168	164	164	154	158	154	154	156	161	155	126	154	255	245	173	204	155	182	255	180	156	255	213	142	206	195	152	117	131	247	180	255	255	253	255	253	244	239	108	130	0	0	70	110	140	139	134	117	151	166	176	166	133	94	66	108
122	131	160	165	180	148	77	127	136	175	177	155	154	155	143	139	162	154	148	151	157	158	154	150	156	149	147	145	146	162	172	164	172	158	153	133	154	150	150	128	161	182	154	132	167	180	156	153	151	173	196	174	173	133	128	147	125	132	150	138	184	173	148	168	148	144	159	171	160	149	152	156	167	176	163	163	146	165	160	162	143	136	145	146	168	255	255	140	185	122	124	197	206	227	220	251	244	255	217	147	151	255	254	255	255	81	249	255	255	209	15	70	168	176	97	161	152	182	127	86	114	210	168	146	201	156	69	157	158
130	153	212	214	218	127	123	153	159	187	187	158	130	164	149	142	153	164	160	144	141	154	160	155	156	162	154	149	129	154	159	154	160	156	131	98	139	175	150	163	167	152	165	170	178	194	184	173	162	173	173	172	169	186	186	133	94	167	179	169	177	141	118	169	151	153	168	168	154	165	173	155	146	150	153	160	174	180	167	147	141	166	163	156	194	208	107	108	127	124	167	176	209	156	205	193	106	133	74	0	61	255	119	0	0	79	247	245	228	119	162	33	0	117	136	214	180	193	124	145	100	199	172	61	88	147	144	154	153
142	181	232	230	230	170	159	169	149	161	159	160	152	158	152	145	153	155	153	152	159	169	165	153	153	166	175	187	163	166	154	146	176	141	133	154	180	174	140	130	168	160	182	181	169	182	187	185	194	184	183	201	189	168	162	135	76	113	158	147	187	196	189	132	134	119	140	172	171	166	175	180	159	160	168	180	183	175	162	154	170	153	165	180	157	89	97	186	115	178	174	159	124	105	207	179	0	29	0	13	3	0	12	3	255	183	255	255	3	161	252	27	17	7	126	178	191	191	200	211	97	185	160	142	104	138	176	158	181
146	178	186	163	157	159	169	179	157	167	173	163	158	149	163	164	154	154	155	160	166	170	170	169	157	159	158	168	145	154	155	160	174	134	129	172	181	167	167	154	170	144	160	165	163	188	191	171	165	148	136	151	147	140	163	169	132	92	128	146	142	179	205	130	129	146	174	182	168	166	171	166	160	158	166	178	174	155	143	144	134	156	175	159	163	157	193	178	170	192	207	178	115	140	186	218	83	0	48	65	0	0	0	0	255	254	254	238	18	147	197	45	0	0	183	185	235	228	235	214	141	144	134	190	194	230	233	131	146
139	168	163	150	138	168	173	175	162	147	153	115	136	154	147	132	149	151	154	154	145	143	160	181	161	160	151	153	133	151	155	157	159	168	159	174	179	188	228	228	181	143	152	162	170	203	196	160	180	180	149	123	114	136	174	175	183	128	135	174	91	146	194	181	160	176	184	175	170	184	191	182	152	148	149	157	162	157	149	144	141	158	166	147	161	174	175	140	172	154	177	145	105	124	113	189	150	90	39	5	5	125	1	11	153	240	255	251	192	176	154	122	59	146	160	113	202	198	161	215	193	114	102	106	191	249	237	154	104
159	175	169	176	159	188	189	192	160	151	202	153	153	167	147	165	168	166	167	164	152	146	163	188	165	177	178	184	164	173	153	130	142	192	178	174	187	188	211	223	171	148	161	163	165	189	179	149	195	216	187	148	137	157	178	165	178	162	163	177	93	133	167	173	217	186	163	169	184	184	186	196	161	157	147	145	163	182	176	157	157	157	161	159	173	188	140	155	177	190	164	131	138	132	172	226	138	156	13	0	0	254	224	251	195	40	163	255	223	251	174	87	87	99	93	182	176	158	169	162	143	134	130	116	171	180	177	196	214
164	164	162	178	158	177	181	189	180	176	244	226	200	180	150	196	179	172	169	171	169	163	164	171	170	174	169	174	156	169	158	144	163	188	165	159	176	156	144	164	165	150	154	156	175	197	173	145	164	185	166	151	157	166	181	178	176	146	156	167	166	148	172	191	187	187	179	176	181	174	167	175	176	173	156	143	157	179	171	145	142	167	177	154	167	231	211	255	225	183	165	125	158	158	188	225	136	29	150	1	0	94	131	254	99	30	152	225	90	101	219	82	196	215	158	193	170	104	116	141	146	221	187	232	199	133	79	91	254
143	147	166	187	167	166	163	158	183	165	171	194	188	167	137	144	158	157	157	159	158	154	149	147	168	154	144	157	138	148	158	177	194	176	160	152	160	151	136	155	180	174	166	162	196	215	178	157	160	175	152	145	159	163	172	174	169	133	146	172	217	184	211	252	129	164	170	161	171	180	173	170	166	167	159	149	152	159	152	136	157	164	181	158	130	151	192	255	218	150	202	174	173	182	158	122	38	93	118	0	6	255	10	21	211	1	52	82	216	242	201	255	246	255	228	150	125	125	121	141	228	252	175	201	132	118	49	0	127
156	148	156	156	137	143	163	165	150	185	164	180	142	128	158	172	157	167	173	168	159	155	159	164	157	146	155	192	167	149	149	176	174	144	156	146	139	159	157	165	171	190	185	162	177	180	148	151	144	171	151	141	159	166	163	150	153	162	165	170	175	174	184	209	182	158	124	131	168	172	157	162	138	146	156	161	160	157	156	157	147	146	173	172	160	137	123	47	80	128	228	248	200	212	220	55	2	167	0	9	50	250	96	2	255	254	165	109	255	255	180	249	237	220	186	55	79	161	96	128	197	162	130	97	51	157	137	30	85
155	163	160	187	168	167	177	183	168	159	167	176	167	160	167	173	179	185	179	181	191	177	163	173	152	166	155	145	153	142	126	136	149	143	145	159	173	173	164	156	178	146	155	140	147	147	141	123	137	155	158	160	168	156	147	163	157	163	167	160	118	107	154	176	255	142	71	138	171	169	150	171	161	163	155	166	164	150	154	150	164	144	161	176	175	151	134	152	168	172	150	190	116	112	176	180	81	46	2	64	242	250	255	249	253	248	255	255	157	114	133	61	21	127	136	73	157	214	88	4	112	84	99	144	205	255	145	48	127
151	169	158	175	166	174	175	167	160	160	167	168	159	160	164	156	165	176	171	163	171	178	170	162	167	150	153	162	156	154	153	142	157	158	165	174	176	169	161	158	147	150	169	158	181	166	144	143	148	159	157	156	162	155	154	172	154	155	147	151	142	136	150	144	176	140	102	116	130	166	165	160	160	159	146	151	149	144	161	166	144	149	148	155	153	187	170	173	149	182	178	131	21	84	149	173	187	190	255	255	255	42	186	247	255	211	105	245	235	255	107	17	80	146	102	192	212	174	110	96	120	97	107	87	118	123	147	155	85
179	193	157	149	147	171	174	166	157	161	166	161	157	167	168	151	171	151	156	178	179	167	165	169	182	138	151	172	153	163	178	149	160	159	162	168	168	157	145	138	124	154	177	165	197	172	143	160	168	174	171	169	172	167	168	184	164	169	150	156	175	174	162	135	143	147	131	121	115	143	153	155	171	180	178	189	188	178	187	184	155	163	145	154	142	196	168	164	192	248	219	143	100	136	142	107	61	156	253	242	5	0	61	110	238	255	255	255	255	236	255	243	255	223	76	141	47	46	181	151	195	187	219	134	100	48	82	143	140
159	167	124	118	121	146	155	160	156	152	154	153	153	165	168	155	155	132	148	178	169	151	152	154	156	142	159	156	119	131	166	161	170	160	154	161	167	160	144	132	131	150	172	157	179	162	147	164	164	166	166	166	162	154	152	159	149	166	144	142	166	168	150	123	160	168	157	141	131	138	144	153	153	166	168	183	184	170	167	154	145	137	133	162	157	180	152	163	170	224	215	191	177	167	239	181	18	40	197	150	94	255	241	248	229	255	232	254	255	144	245	255	242	171	90	182	101	35	175	130	182	198	255	198	141	85	12	35	153
170	170	144	159	147	142	142	151	155	138	136	145	146	149	155	153	143	157	172	160	146	164	170	142	149	178	181	144	114	123	158	186	159	152	149	152	153	148	143	140	149	140	165	154	162	162	167	167	166	161	160	158	147	139	139	140	140	161	140	136	159	160	142	114	150	181	183	156	153	155	155	154	161	163	149	156	160	157	162	150	150	131	144	164	167	156	138	154	131	127	137	181	132	116	112	0	0	40	193	58	131	254	255	255	131	250	246	2	0	97	90	198	149	162	145	182	176	112	149	158	176	163	160	96	67	67	113	176	182
174	159	149	185	161	144	150	162	158	140	141	153	152	147	148	147	156	167	169	153	144	162	171	159	177	190	154	122	145	161	159	172	146	152	159	157	146	140	148	162	158	137	164	160	168	175	184	174	179	165	161	156	141	138	144	144	156	167	150	153	173	175	159	123	139	166	185	179	180	147	141	161	171	174	160	165	170	170	176	164	173	163	174	165	164	157	148	154	141	166	150	154	91	132	6	0	1	169	253	223	94	174	179	86	36	230	21	0	99	244	68	243	251	221	142	63	90	196	206	153	94	67	57	106	182	166	255	239	202
140	115	122	174	147	140	159	163	156	152	164	175	171	165	158	145	151	143	136	143	151	146	146	161	174	155	110	109	158	170	147	144	160	165	173	173	165	160	167	180	158	149	165	155	178	177	172	171	174	158	157	156	141	140	150	146	166	167	156	162	166	171	173	145	145	159	176	178	192	146	136	161	141	159	162	173	172	163	161	144	169	169	171	167	159	180	171	180	115	144	116	114	121	201	22	13	134	133	175	216	140	232	255	153	229	222	200	255	255	255	187	245	242	177	200	148	78	121	224	209	13	53	137	203	209	175	255	255	213
199	171	185	234	187	166	167	143	145	159	181	189	185	183	169	142	141	152	143	142	166	172	159	156	159	144	132	146	165	157	153	172	160	154	152	159	166	165	161	159	157	164	163	141	177	166	146	162	178	164	172	178	163	162	168	160	178	177	173	172	158	164	192	182	142	176	178	145	180	178	165	147	148	174	184	192	185	170	169	155	178	173	159	174	148	172	149	168	142	129	160	166	152	255	254	228	80	0	111	59	175	255	248	200	247	255	255	253	255	245	151	153	243	128	169	148	111	61	228	251	187	156	190	172	109	165	184	214	242
195	218	203	245	239	172	166	150	154	174	171	161	148	137	154	175	161	154	136	165	178	164	181	180	161	155	162	167	160	157	158	153	152	154	155	155	153	152	152	153	156	145	152	167	167	163	162	159	169	153	147	168	182	164	150	161	169	169	159	157	166	161	145	137	119	184	150	144	153	190	193	151	141	139	147	156	148	137	152	178	215	209	177	138	155	148	149	120	138	198	174	121	109	237	222	110	255	200	255	141	104	98	173	131	11	242	253	255	251	250	179	117	174	137	122	197	182	101	249	255	204	120	74	0	50	157	193	255	157
172	178	171	216	227	185	177	167	167	175	171	167	155	133	137	157	163	148	155	173	185	183	176	183	175	160	159	164	154	144	147	153	154	155	158	159	161	162	164	166	158	154	151	153	155	153	152	156	159	153	148	146	148	155	162	164	149	152	154	163	169	161	152	155	165	135	154	164	134	132	171	184	185	131	130	181	178	127	136	198	230	196	163	136	130	115	128	160	146	184	171	101	0	67	0	10	255	110	245	200	0	69	186	112	102	251	255	249	255	249	255	183	62	93	181	220	209	180	233	241	149	17	61	9	127	218	217	237	121
180	167	162	176	180	164	155	157	134	154	168	173	174	160	142	139	153	142	172	174	173	174	154	174	173	145	152	190	188	147	132	151	155	156	157	159	161	164	166	167	143	156	149	143	155	157	155	166	153	150	146	131	129	163	180	158	149	160	171	169	153	142	157	183	186	142	190	168	137	125	149	172	167	179	181	171	167	174	180	178	179	121	117	160	181	158	114	146	134	157	180	136	0	0	63	116	78	1	146	240	219	198	133	0	57	51	32	255	255	252	248	160	118	57	155	204	170	176	186	165	126	78	85	68	210	190	195	103	23
157	150	166	154	144	151	136	136	154	165	162	142	159	188	187	184	156	162	188	182	165	155	148	168	175	180	169	154	154	160	160	159	160	158	155	154	154	155	155	155	139	165	158	146	164	166	159	172	166	153	151	142	140	175	182	137	155	165	175	168	150	149	163	174	177	172	184	152	159	149	129	150	148	172	183	169	156	158	160	155	162	124	142	181	180	166	120	174	118	180	146	95	50	81	106	59	152	7	77	255	212	196	80	13	88	0	14	252	240	255	48	91	191	145	164	171	125	110	142	195	183	56	112	131	189	220	234	91	65
128	135	176	168	171	203	180	159	172	163	156	137	154	181	173	180	162	175	168	170	157	139	149	148	183	193	186	170	154	139	149	180	168	163	158	155	155	155	155	154	163	185	170	151	163	161	152	166	177	159	162	162	151	165	167	135	151	153	161	161	162	179	177	149	178	158	139	166	166	141	123	160	156	161	164	161	154	149	145	143	180	164	172	171	164	188	164	209	163	229	244	180	18	171	171	107	78	78	255	240	104	202	255	171	255	8	0	248	255	179	58	123	71	57	172	203	129	159	181	128	137	71	127	226	253	255	237	128	92
142	129	151	144	154	195	183	152	169	149	162	169	182	175	139	153	170	177	150	159	160	148	160	138	161	185	196	195	177	142	147	193	171	166	161	159	163	166	168	168	177	183	166	150	156	156	155	167	163	149	158	167	155	155	168	170	167	165	169	159	148	170	187	168	173	148	163	211	162	145	146	155	153	170	160	134	148	186	181	141	166	176	178	154	161	199	182	185	207	202	107	114	137	229	180	141	89	7	226	219	138	7	208	106	20	8	0	255	243	139	220	155	112	60	120	107	119	188	164	121	170	104	99	217	204	255	255	96	0
194	161	161	158	152	175	188	177	182	164	174	164	176	187	158	175	179	185	180	177	174	173	172	162	152	192	171	127	142	178	184	181	163	158	153	155	162	170	174	175	165	159	154	155	159	160	164	170	158	146	147	162	168	167	178	194	193	171	171	164	141	152	178	178	150	155	214	209	163	171	163	153	161	143	135	148	163	163	158	157	144	194	211	161	137	141	156	163	119	90	0	75	252	245	197	106	5	8	0	28	248	251	224	0	13	125	7	2	0	177	244	190	235	140	198	190	126	125	165	129	132	177	255	255	223	223	215	213	255
148	124	139	160	140	139	170	183	142	155	175	140	152	189	155	145	159	173	204	181	160	164	154	171	182	138	94	119	173	165	142	161	152	146	142	145	155	164	169	170	152	142	151	167	168	165	165	162	178	159	145	161	186	186	178	183	199	147	141	167	168	167	164	141	131	147	210	157	165	180	153	186	175	155	159	183	176	142	135	157	116	174	207	185	182	157	158	135	143	254	187	129	255	251	116	89	4	0	148	129	252	255	238	214	251	114	104	249	129	167	194	208	169	159	214	244	171	92	189	161	186	204	251	254	237	100	119	155	255
188	100	117	203	105	109	161	156	141	136	127	182	171	166	170	156	148	174	184	141	143	146	167	161	122	73	79	128	154	141	137	173	162	169	159	174	168	145	155	152	149	160	140	154	169	159	160	147	159	167	169	163	161	165	167	165	162	178	129	139	159	151	158	111	130	141	143	158	143	147	149	170	173	125	136	138	162	184	152	168	121	148	184	118	179	173	153	77	201	255	255	164	253	128	66	167	0	243	255	188	233	60	252	255	242	97	234	255	160	123	171	208	187	253	243	252	159	145	206	123	155	143	251	211	68	146	106	31	50
174	157	165	203	114	107	147	173	177	149	142	172	166	175	175	199	181	140	144	150	167	171	194	181	128	112	149	152	157	165	141	167	180	176	155	162	159	148	169	175	165	172	151	158	169	162	166	159	158	163	158	158	169	169	158	154	167	180	158	163	153	134	154	147	143	178	192	198	163	142	127	147	222	175	133	128	139	145	163	188	187	163	166	137	204	181	210	86	111	255	140	108	176	255	233	92	255	255	217	207	255	228	254	255	192	28	168	151	91	136	139	174	182	255	255	128	93	131	152	80	93	142	137	115	226	156	199	233	158
141	173	149	155	126	131	137	162	205	164	157	162	153	146	122	168	164	122	146	172	168	165	190	177	149	135	180	160	159	180	146	172	165	163	153	163	164	155	164	164	166	173	158	161	170	164	166	163	166	168	158	165	187	181	158	156	192	170	164	178	177	172	177	180	177	204	205	216	198	179	151	168	210	216	173	170	147	115	166	200	178	161	143	139	179	198	193	180	96	251	104	98	76	155	59	0	246	205	67	255	255	224	128	254	255	167	95	88	117	99	97	140	136	174	188	96	57	133	188	140	159	128	76	119	227	176	202	125	101
133	169	127	124	136	151	136	144	192	159	148	160	168	148	129	175	139	145	167	164	149	157	176	167	163	127	149	162	174	176	146	168	160	161	164	177	181	171	164	158	148	158	156	160	169	163	156	155	166	171	161	166	185	173	153	159	174	134	142	155	172	186	168	160	150	164	162	190	193	176	151	179	189	188	141	147	163	150	163	157	135	131	142	136	163	104	202	0	14	187	250	132	148	128	255	246	126	112	110	66	206	57	84	119	118	200	6	0	137	149	155	153	161	186	124	159	55	87	159	143	177	175	175	237	222	108	84	142	19
153	182	158	150	144	148	149	155	174	158	130	151	173	147	158	184	159	176	152	128	144	170	167	167	171	141	132	170	185	159	148	151	166	158	157	158	161	163	159	161	145	150	153	154	162	161	149	152	157	166	161	156	157	145	137	148	135	132	161	152	151	167	144	141	119	135	151	189	175	145	128	168	177	167	137	118	157	188	172	171	185	145	137	136	164	99	182	56	0	127	235	48	135	214	223	255	255	238	144	25	47	3	202	231	9	3	69	118	111	174	228	187	183	236	103	155	62	52	83	109	176	224	235	235	253	100	111	251	79
151	165	157	159	149	153	172	173	157	158	140	156	170	138	153	146	163	178	139	128	150	157	133	152	195	185	149	159	159	143	162	156	163	153	156	148	149	157	152	159	161	156	155	147	156	161	149	158	162	167	168	156	141	138	144	146	128	162	191	166	164	175	150	150	159	157	166	197	176	158	148	168	142	162	188	154	174	202	164	192	206	182	151	150	179	210	140	245	255	198	239	247	240	47	0	3	213	108	88	186	243	210	203	243	234	222	209	104	130	221	200	191	245	207	135	168	136	122	130	159	144	140	255	245	255	212	91	179	233
148	152	138	141	155	164	177	168	137	148	171	169	174	160	167	146	147	165	152	158	152	146	125	145	203	191	159	143	140	147	164	164	166	161	175	166	165	173	161	168	168	157	156	145	157	167	151	161	165	160	167	158	140	156	172	154	140	187	192	166	178	179	149	149	178	169	172	189	165	178	171	153	133	146	177	160	188	196	134	157	146	173	166	167	189	201	151	16	0	176	248	255	255	236	55	211	251	145	215	238	213	201	115	255	255	201	107	74	221	237	159	151	253	116	102	139	163	138	109	93	124	213	136	255	192	78	125	207	255
170	184	158	143	159	160	164	155	145	145	189	155	146	157	163	150	151	162	160	171	153	170	166	168	180	155	151	147	156	165	149	153	161	154	168	155	152	165	157	170	160	149	155	147	162	173	150	158	154	140	151	150	137	169	189	153	164	219	208	178	185	167	141	154	152	172	200	204	158	179	175	135	151	162	176	149	154	148	125	189	139	153	129	157	140	153	114	0	10	245	255	190	248	237	27	238	255	255	246	255	115	0	199	255	255	241	214	152	207	175	139	166	170	71	36	82	190	168	82	35	175	201	77	207	109	71	162	153	192
182	158	151	161	162	162	172	179	181	178	178	176	153	161	189	167	164	158	159	172	184	182	168	155	129	156	160	157	171	169	151	146	133	154	175	174	160	153	163	177	144	144	144	144	146	152	164	175	166	153	162	177	170	159	162	167	144	202	168	91	147	171	151	137	156	213	217	189	232	218	142	159	153	184	177	149	119	108	148	202	177	202	152	163	144	186	38	13	255	240	255	255	212	116	130	149	41	246	250	255	252	102	143	117	185	252	238	108	155	99	154	214	194	114	46	132	174	167	147	125	166	105	116	206	255	252	185	182	137
155	167	170	159	154	163	173	174	160	157	156	165	153	155	184	182	141	148	159	171	180	177	158	139	153	160	156	157	160	146	139	157	141	144	146	153	169	181	175	161	150	157	166	170	167	163	164	168	181	160	157	170	175	173	167	156	152	218	158	107	160	180	153	164	169	218	208	166	169	153	158	181	173	155	140	151	128	115	135	172	184	201	178	167	161	161	184	241	254	255	246	188	219	23	95	236	116	249	251	250	233	152	185	134	224	219	131	119	174	122	113	244	249	175	130	203	198	140	119	146	126	0	67	225	194	250	236	254	190
157	169	165	160	173	183	177	168	176	170	156	160	151	142	168	185	170	168	154	136	135	150	156	151	128	134	137	149	166	167	166	176	161	168	169	165	164	165	157	146	177	178	174	165	159	162	174	185	176	159	154	161	171	184	188	176	211	207	157	171	159	163	170	174	153	182	170	154	169	156	189	176	184	159	139	143	107	116	140	180	157	95	148	186	162	149	33	8	3	253	255	255	255	200	73	214	252	96	175	255	254	222	255	250	251	170	101	157	152	128	129	230	199	155	149	212	203	153	151	206	103	27	102	216	108	143	186	168	227
166	164	160	171	188	181	169	174	177	180	161	159	160	158	186	211	165	180	179	160	153	162	158	142	129	145	152	157	178	193	175	146	141	154	171	177	168	158	162	173	163	173	182	180	174	169	167	166	162	162	166	162	159	178	198	200	196	179	143	160	141	146	176	167	170	169	144	128	178	185	205	188	172	180	159	160	170	206	169	150	136	110	143	158	175	151	0	0	0	174	222	167	174	199	55	34	166	255	255	189	41	99	153	15	145	114	161	192	167	157	172	167	111	113	141	187	199	180	149	136	130	157	128	156	137	147	251	219	242
156	168	178	178	168	155	159	176	169	187	173	165	165	168	189	196	154	181	195	187	184	190	176	151	147	156	164	167	174	183	170	144	141	130	141	171	182	169	163	172	155	167	175	173	168	163	156	150	160	170	181	172	159	169	184	182	184	227	173	123	161	157	159	165	176	182	168	134	182	189	170	185	160	211	204	179	204	232	176	169	198	163	162	150	163	139	255	255	159	187	152	125	255	78	15	23	143	255	238	206	0	232	245	57	165	144	180	166	179	157	151	143	51	126	196	197	164	161	181	162	157	255	190	143	141	120	197	213	28
159	173	184	170	153	163	171	153	156	175	172	169	162	161	170	156	171	181	176	161	163	180	182	168	150	136	146	163	155	149	166	184	169	149	149	174	182	163	149	153	163	164	158	146	143	148	149	144	157	162	175	178	172	174	170	153	173	167	146	113	140	114	115	141	167	175	162	140	182	199	149	169	162	209	222	170	163	152	134	188	224	165	166	171	155	140	252	241	176	255	201	252	245	255	136	248	255	145	1	255	255	255	255	232	255	242	218	113	102	190	190	108	68	149	211	196	142	146	207	161	150	255	255	180	142	179	158	164	4
166	156	167	165	155	181	187	143	130	135	144	162	157	160	178	161	158	163	159	152	159	170	163	145	170	140	145	165	151	137	158	182	167	166	170	175	170	159	158	164	157	163	162	158	160	162	152	137	151	149	161	173	174	174	166	149	171	98	131	154	134	131	146	174	201	176	117	121	150	195	166	162	171	152	184	155	163	140	124	145	183	194	168	140	176	169	96	126	0	11	55	255	239	34	242	149	173	35	39	186	113	101	76	75	237	170	210	201	152	151	160	155	147	168	167	160	144	160	182	15	0	69	114	86	132	253	208	168	0
152	127	154	175	153	167	187	159	147	129	134	158	148	148	174	162	149	148	144	145	159	172	165	148	172	146	152	173	173	174	179	173	176	182	178	164	156	157	156	151	189	183	168	156	162	179	183	175	153	149	158	166	161	160	162	157	167	135	161	155	126	167	148	167	214	186	117	150	142	177	160	116	173	119	170	141	146	148	177	186	202	154	142	111	159	186	190	82	7	0	24	255	247	54	248	136	166	217	208	193	58	255	238	172	91	157	255	199	162	118	123	158	160	187	163	127	102	161	247	75	0	62	149	159	218	235	212	187	119
133	133	166	169	174	165	183	175	163	176	161	152	170	169	156	164	163	161	167	161	155	174	177	149	167	146	146	187	199	173	166	173	189	181	138	142	163	166	177	162	171	170	153	160	169	170	181	170	160	164	174	169	174	169	141	141	150	150	164	156	160	159	128	132	185	174	152	153	160	184	152	152	159	141	173	154	147	146	168	202	209	110	178	182	174	118	124	65	1	97	2	69	252	183	213	255	252	255	23	0	20	207	175	170	125	192	230	142	114	101	164	181	144	163	127	158	121	137	242	145	59	197	190	230	252	255	244	126	244
160	158	148	141	168	172	165	157	177	154	132	126	138	160	168	160	170	159	149	143	144	158	161	149	144	134	152	187	182	157	163	178	178	154	153	146	162	164	176	183	159	162	165	158	159	149	158	155	151	155	176	178	163	137	128	165	177	171	172	158	167	170	138	133	160	153	138	123	128	154	152	169	180	154	165	166	186	159	177	167	179	171	163	175	170	51	77	255	63	132	45	0	214	117	23	111	232	100	4	0	15	72	50	121	179	106	127	137	104	124	226	194	98	163	143	117	124	135	255	175	139	193	192	244	249	233	200	41	4
134	152	131	131	160	173	153	159	173	146	145	148	142	165	183	163	156	160	144	132	151	173	172	161	153	128	140	165	160	158	175	187	174	151	174	137	131	152	156	153	148	151	176	156	154	138	147	156	159	155	167	167	160	142	134	168	187	180	170	157	176	190	164	150	185	187	184	141	127	121	118	130	172	157	161	180	203	160	188	166	127	198	161	149	109	87	198	193	146	255	199	75	80	253	112	180	247	181	166	65	0	18	155	165	75	132	111	125	164	145	143	133	117	164	179	149	194	218	255	233	186	175	170	202	186	152	156	109	97
186	181	154	166	172	184	160	159	118	131	171	204	206	193	160	116	108	140	135	121	154	187	176	153	149	137	166	181	162	156	161	166	183	159	171	168	145	161	150	131	162	155	178	151	152	135	143	155	168	167	165	150	157	167	156	163	173	172	159	150	173	191	175	158	167	180	197	155	154	143	139	141	155	157	172	189	178	148	177	189	166	208	179	110	153	110	160	255	254	255	255	138	188	255	255	234	255	255	232	122	7	1	171	144	206	204	138	209	255	228	194	161	163	160	222	241	246	255	185	201	94	118	146	154	174	187	152	195	253
240	180	151	183	178	194	175	146	134	156	170	190	214	199	157	133	110	139	143	141	169	184	166	150	124	151	212	211	164	138	127	139	175	144	120	178	158	165	153	132	154	143	153	145	159	157	171	181	167	167	165	147	154	169	162	171	164	171	157	151	165	173	164	151	130	143	162	136	161	173	176	172	171	164	180	189	158	159	154	182	158	186	163	150	191	173	243	255	53	209	243	213	254	240	254	255	234	23	36	134	86	72	252	255	249	248	158	165	173	209	228	172	201	171	188	188	144	172	151	165	134	145	170	122	150	232	124	138	255
198	146	155	191	169	172	166	127	158	183	173	156	163	159	159	186	153	157	162	173	180	168	156	159	148	160	186	157	135	139	134	161	175	173	115	127	116	162	170	123	166	164	150	169	175	172	183	183	178	152	141	145	166	172	157	169	161	174	162	164	171	166	167	161	145	154	161	139	161	180	163	145	192	164	172	175	167	187	157	162	163	151	140	109	132	144	106	236	0	0	255	247	203	213	239	255	255	110	2	59	142	0	80	154	154	144	15	50	151	155	143	199	198	170	109	86	79	135	242	192	189	131	157	105	102	195	154	206	254
167	163	196	198	169	155	162	137	126	158	182	182	168	152	143	146	144	152	166	170	160	158	161	158	177	163	146	106	129	164	147	171	180	206	183	129	135	183	189	134	200	219	181	217	187	159	156	140	180	150	137	144	173	183	162	165	156	169	158	170	176	163	172	174	165	175	167	146	155	185	159	142	183	163	170	156	173	176	181	161	161	167	107	101	126	84	0	8	253	67	211	240	255	163	48	247	250	255	204	182	228	80	121	122	202	230	131	81	123	145	152	195	173	151	103	140	161	190	253	178	180	128	166	139	144	145	153	223	254
154	168	186	160	165	172	195	185	163	154	178	204	204	200	172	120	113	150	179	164	151	183	198	168	156	165	165	135	166	182	125	132	146	163	220	187	214	194	173	154	170	216	179	240	199	165	163	144	159	167	170	152	162	181	173	177	152	161	146	163	168	148	160	165	184	188	158	129	128	177	165	164	166	171	184	144	162	131	193	171	145	126	173	142	91	42	9	0	254	251	255	240	111	3	0	153	205	185	254	255	255	198	201	228	250	255	162	97	165	195	167	182	206	158	145	228	206	192	145	141	132	143	161	136	233	190	174	178	181
160	172	168	166	174	169	174	202	198	158	176	204	180	172	197	202	177	194	183	143	151	163	195	172	149	161	180	186	167	138	127	132	112	150	208	191	191	203	157	153	112	167	172	167	203	167	146	148	174	160	166	165	156	175	176	135	141	191	190	143	155	174	190	152	179	187	152	136	146	180	204	160	173	183	157	130	153	160	194	206	114	179	238	223	193	127	234	1	0	244	255	229	0	1	0	8	0	5	148	184	149	159	194	183	205	53	85	191	151	205	190	153	193	174	167	106	156	139	140	165	144	151	163	163	255	179	113	163	212
158	163	153	146	149	141	145	170	178	147	149	147	120	141	196	215	215	171	129	136	161	154	162	154	147	158	171	176	170	156	140	129	160	160	174	188	195	176	150	156	152	162	147	152	167	147	129	166	174	131	144	182	169	141	136	135	139	168	172	158	180	173	165	126	154	161	149	142	140	147	168	173	147	160	158	162	168	151	170	186	152	70	147	246	150	255	253	108	207	255	244	255	82	19	95	0	7	18	198	164	127	159	134	74	134	64	119	197	161	159	150	116	175	202	200	131	135	153	152	160	180	174	140	127	173	144	102	213	255
193	181	160	151	151	138	129	139	143	143	166	168	144	158	183	172	158	140	114	141	160	168	173	168	184	166	152	150	148	141	138	141	186	181	168	189	190	155	151	161	170	163	141	156	158	155	138	175	167	163	166	156	142	160	175	158	145	150	151	160	184	156	152	136	139	151	156	147	150	149	147	177	156	210	204	162	138	155	155	112	126	0	92	255	210	237	255	194	255	238	153	165	0	36	251	106	4	86	255	206	235	130	28	155	172	222	132	129	173	90	82	96	119	147	175	175	125	107	107	156	132	165	131	153	181	127	116	215	197
182	166	155	161	167	155	141	140	145	143	160	164	151	162	172	154	139	152	143	173	162	158	145	137	164	150	158	183	185	163	159	177	155	179	186	177	163	147	145	155	148	164	153	173	189	177	178	169	162	169	185	186	171	173	180	173	161	159	161	172	188	154	165	176	149	161	164	144	170	188	159	173	142	168	161	158	150	156	147	113	53	6	193	255	255	246	253	212	57	196	204	110	18	255	167	238	255	214	253	176	232	198	155	166	255	237	135	81	114	150	191	167	180	189	187	174	124	146	171	199	180	216	157	168	197	102	152	208	171
171	167	178	189	176	152	143	146	162	149	153	156	145	153	175	185	182	158	135	184	178	147	118	119	151	157	172	184	176	161	167	185	140	165	200	173	160	168	150	170	141	161	148	171	215	167	203	172	165	171	179	174	158	155	165	171	165	164	162	168	182	149	160	167	161	157	149	133	172	199	171	182	168	168	152	158	164	138	102	58	127	173	79	0	0	204	255	152	105	213	143	153	255	254	78	249	238	247	253	199	194	177	206	95	163	151	180	142	146	217	203	237	240	212	197	212	196	199	191	168	164	168	122	116	136	104	163	216	209
158	165	191	200	167	138	143	158	169	161	169	172	153	144	167	196	180	151	125	162	174	163	165	174	174	186	180	153	138	149	163	167	149	140	174	163	169	178	148	178	170	160	137	156	213	137	183	181	167	167	159	145	136	144	166	188	191	175	151	146	168	148	157	153	157	142	130	133	161	172	168	192	155	157	146	153	201	175	156	131	132	238	222	113	12	17	247	178	72	157	2	104	66	5	150	113	100	226	160	143	179	120	140	141	89	39	60	181	215	200	214	234	231	189	161	194	171	154	150	149	156	148	166	153	111	153	132	177	204
130	122	145	165	151	143	161	175	169	156	150	148	136	130	150	176	169	151	140	157	169	158	192	218	173	172	169	168	175	180	173	161	141	125	138	150	165	160	138	159	179	159	148	147	195	128	127	153	158	132	143	189	190	145	147	198	205	184	157	151	174	158	172	172	146	147	142	156	166	165	172	172	180	136	136	188	254	151	157	226	16	160	241	175	0	126	245	213	129	255	18	219	65	5	208	0	85	236	181	157	148	150	152	167	215	166	20	90	203	155	175	144	137	200	192	208	157	181	144	94	90	111	172	167	95	165	166	181	182
171	131	127	148	153	158	167	164	147	137	135	147	157	155	147	143	172	121	123	174	194	140	180	238	202	153	129	156	178	166	151	153	145	154	151	170	181	165	160	160	155	152	167	146	179	139	75	103	143	154	163	174	179	167	163	176	159	154	150	157	175	145	158	165	142	170	171	182	185	186	186	138	165	147	164	192	250	116	120	196	154	188	223	208	116	140	134	4	0	244	255	114	255	125	139	141	157	243	191	182	169	222	162	166	237	244	255	133	81	144	212	81	137	198	165	211	158	192	127	79	63	126	191	188	113	135	213	170	163
168	144	131	152	176	169	161	172	161	150	139	150	172	174	165	164	169	140	137	150	154	170	190	190	182	154	133	176	187	154	152	140	146	177	165	173	185	169	168	162	155	151	155	203	146	126	156	149	149	131	163	188	160	148	159	146	135	134	185	184	166	161	179	136	162	179	178	170	188	152	149	142	144	156	149	137	172	213	245	169	180	151	174	146	19	102	0	1	0	229	251	0	255	255	136	171	179	242	182	203	129	147	172	146	142	209	255	220	32	120	251	146	155	176	190	180	108	122	136	133	86	172	194	164	157	136	178	183	180
154	150	150	162	172	164	168	191	171	139	132	158	170	162	167	186	170	162	144	125	132	168	184	170	161	171	157	165	179	158	146	153	181	194	165	159	167	162	173	175	162	130	151	140	203	189	125	156	146	135	157	169	139	124	133	134	139	174	192	203	173	176	164	166	161	172	166	155	168	140	153	160	164	168	147	115	87	205	194	82	3	152	74	0	7	8	34	127	138	6	63	87	14	181	201	188	138	182	170	169	125	169	186	133	101	126	210	188	137	146	91	87	94	67	144	182	147	126	170	155	131	160	142	141	216	133	165	248	174
151	166	173	172	164	153	164	192	172	137	140	164	159	151	166	180	162	163	167	182	197	185	158	145	156	178	170	153	171	162	141	172	178	197	185	176	170	157	161	164	162	134	152	125	202	194	113	168	165	153	155	171	173	160	148	142	156	191	167	164	172	182	156	173	154	172	157	133	145	147	165	156	233	192	135	19	0	53	66	53	44	185	156	242	240	1	6	225	255	68	154	8	0	38	123	219	91	126	161	156	157	225	237	178	119	94	88	110	179	152	68	108	77	79	165	201	204	192	189	114	119	137	137	143	150	88	141	207	169
163	177	179	171	159	146	149	169	158	141	154	165	151	160	173	159	170	161	153	172	194	172	146	153	164	165	172	155	163	166	146	175	183	194	185	165	146	142	159	174	162	153	132	157	147	153	154	171	173	165	152	160	179	173	160	167	141	173	173	145	186	178	160	148	178	172	152	152	158	150	161	159	185	195	127	64	168	153	123	196	240	253	239	255	247	202	22	70	206	103	130	129	255	255	138	158	109	147	160	155	158	190	183	152	149	126	104	135	155	150	108	109	93	74	157	240	195	166	163	135	150	165	148	171	110	132	157	137	117
165	166	159	158	162	154	147	152	154	138	153	164	153	164	175	158	165	167	141	125	146	160	155	154	147	150	187	171	149	169	164	156	175	171	170	157	147	151	152	153	171	162	119	157	131	144	192	165	166	176	163	148	149	144	157	197	151	179	195	155	157	163	182	167	204	171	153	182	163	122	135	169	124	227	136	145	255	243	125	160	195	255	173	0	95	77	197	201	44	0	3	119	254	248	251	131	141	189	146	150	138	116	92	103	172	184	220	202	108	146	93	99	208	130	164	214	164	139	153	125	132	168	154	192	147	174	187	178	147
154	145	137	150	170	168	157	159	168	141	146	165	155	146	154	159	155	146	133	134	146	148	145	148	120	147	197	180	140	167	177	136	167	150	159	162	166	171	144	116	175	179	163	136	154	151	176	164	147	161	158	153	157	152	157	185	168	180	180	177	142	172	176	160	172	179	164	156	113	107	132	144	121	161	82	109	228	226	147	114	172	235	255	0	159	6	4	206	255	3	0	100	216	255	212	162	143	184	126	139	134	107	82	103	139	196	185	176	111	177	152	182	222	197	178	138	193	144	136	135	107	151	192	200	142	123	160	130	90
152	142	139	158	176	168	160	171	170	159	162	173	165	148	150	165	170	134	124	142	144	137	151	174	131	146	163	168	153	161	171	139	190	160	162	152	148	162	146	128	171	204	198	142	158	157	160	161	137	139	139	151	169	167	154	151	147	150	167	209	194	185	144	117	145	182	165	133	98	145	167	134	116	150	189	181	204	174	218	255	248	255	253	3	0	98	4	234	238	54	121	248	235	99	144	141	173	176	148	129	139	141	109	82	166	225	157	139	132	177	129	148	128	136	145	135	208	111	112	196	163	192	209	192	142	111	129	76	55
160	154	155	171	177	158	154	175	152	176	189	186	184	180	178	184	174	160	164	169	165	180	196	190	166	142	112	150	175	154	157	155	180	166	190	176	150	152	136	127	169	215	179	162	146	173	178	152	166	161	157	158	162	163	163	163	160	147	171	194	211	158	144	152	171	172	150	161	153	194	202	170	157	151	157	167	174	218	220	255	191	22	202	2	2	255	204	255	240	125	255	136	133	156	126	139	222	186	196	142	164	200	159	78	131	150	155	88	118	214	124	188	217	158	170	186	176	152	150	111	138	220	181	175	166	136	149	231	198
171	189	196	182	171	171	168	159	158	174	165	164	255	234	160	184	166	176	177	159	176	200	178	162	146	120	151	170	167	138	166	185	148	154	160	174	188	147	147	144	143	153	174	153	153	171	154	160	149	143	149	176	149	153	146	144	187	159	154	211	211	176	200	181	132	149	154	205	220	198	162	194	218	135	88	128	78	233	255	183	134	26	142	0	248	254	12	252	246	121	215	166	163	149	131	153	169	167	164	173	172	203	234	153	161	221	218	145	144	151	195	241	175	196	191	244	215	162	142	152	200	240	218	150	196	193	170	213	180
171	178	182	176	167	167	175	183	171	147	151	162	203	200	168	173	168	169	171	159	165	171	153	156	163	143	151	177	174	169	160	148	167	159	149	151	170	168	172	173	134	150	173	170	140	143	169	165	158	174	188	152	156	162	169	132	154	178	146	208	175	173	154	146	89	162	179	166	140	138	126	149	193	199	212	212	168	202	161	76	40	170	255	246	255	255	222	187	179	165	176	213	157	98	129	98	144	169	128	159	160	197	203	205	238	228	176	168	201	227	186	159	141	157	152	217	233	129	157	238	249	200	204	147	165	221	217	139	102
154	159	170	177	172	161	163	173	173	145	145	168	178	188	180	195	195	161	142	143	168	177	160	169	173	173	164	179	159	177	165	157	161	166	171	167	170	177	150	130	118	135	162	192	155	142	183	158	148	160	170	150	170	160	153	129	149	209	158	179	159	176	152	160	174	193	176	164	153	148	135	152	96	90	176	103	196	187	20	4	0	175	245	255	164	159	148	146	247	202	142	141	117	98	91	80	153	159	131	184	187	188	150	153	176	148	114	172	168	178	143	159	197	170	129	168	179	170	202	162	159	224	241	152	223	237	174	144	136
153	157	164	169	166	157	152	151	173	177	152	163	165	156	133	174	183	146	126	130	161	173	154	159	159	165	163	168	155	166	165	167	165	167	167	147	145	181	173	159	147	144	153	182	177	168	180	160	162	162	137	155	163	166	135	141	142	200	165	130	171	163	164	180	198	187	167	165	157	132	115	131	146	0	28	80	77	191	245	206	8	167	121	52	231	45	0	97	255	169	219	200	146	149	164	150	181	147	175	206	191	157	128	97	140	157	148	137	50	57	89	144	161	151	127	160	129	222	255	200	169	136	176	178	244	211	171	175	164
168	167	158	147	150	162	162	153	157	172	152	164	156	147	138	174	160	161	166	156	160	161	143	149	140	133	144	153	172	154	147	142	158	148	138	117	128	175	191	170	188	168	151	145	170	177	161	185	205	197	150	144	152	172	147	145	143	186	167	124	190	159	156	176	169	180	167	141	149	153	121	75	0	34	216	251	249	134	201	246	255	229	255	197	183	10	19	154	157	159	169	204	204	145	160	136	175	157	193	185	150	133	125	133	233	157	131	158	146	115	99	96	172	151	120	144	146	187	169	195	175	81	103	120	149	165	200	179	204
154	159	154	144	152	169	167	150	139	140	151	172	148	156	189	191	173	180	182	159	160	171	159	162	145	136	149	149	166	131	137	154	143	135	136	135	161	177	203	156	152	153	149	130	159	169	149	200	206	172	155	146	169	144	137	133	164	190	154	141	168	158	134	169	175	175	160	130	153	180	173	127	12	177	128	252	121	51	211	255	246	72	183	255	0	115	255	210	171	176	105	160	201	169	148	108	150	175	175	168	151	167	100	143	209	116	112	166	228	202	195	178	152	196	223	152	127	115	138	159	148	155	152	162	189	181	202	207	192
141	150	156	159	164	166	157	146	147	160	169	168	152	142	173	160	167	166	161	142	153	170	159	163	161	163	160	155	153	133	146	187	157	152	154	150	172	161	245	216	95	127	146	150	161	161	164	196	178	139	145	156	165	125	127	132	160	176	138	148	135	152	120	156	165	154	162	144	137	135	192	233	255	244	120	64	0	115	255	245	184	6	255	146	11	209	248	118	132	101	162	183	136	160	190	132	155	164	160	161	176	208	113	139	138	165	186	125	117	137	202	208	96	190	216	144	164	178	238	182	172	114	105	221	215	149	163	155	140
159	158	162	166	163	155	154	159	152	206	195	171	195	158	159	163	145	160	179	171	167	163	149	162	166	171	150	163	165	169	156	182	162	170	173	150	143	95	219	211	95	132	149	169	162	156	191	193	173	169	157	155	121	144	151	146	147	165	157	175	155	169	138	156	197	165	171	169	171	160	215	255	251	255	249	0	9	139	255	255	254	0	255	192	249	255	240	86	50	133	212	150	165	133	174	194	180	133	160	141	163	207	178	191	204	180	174	149	134	83	70	62	86	225	188	162	184	114	158	188	185	142	79	158	139	127	173	139	121
176	171	166	165	168	171	172	171	176	220	227	167	158	165	173	153	147	165	154	149	174	174	161	173	147	165	165	163	162	180	200	178	166	181	165	173	176	105	171	191	161	165	156	173	155	177	194	180	160	167	166	145	134	153	164	151	167	158	152	149	159	182	186	167	185	183	190	199	193	181	220	186	198	192	88	0	2	177	255	254	227	108	255	255	250	255	255	168	183	192	178	181	181	129	163	201	196	146	170	154	170	175	178	124	108	127	127	168	203	162	80	113	163	194	170	179	123	54	142	119	108	191	186	168	180	139	152	140	114
