147	147	149	179	147	151	156	138	147	150	0	133	156	144	129	153	168	201	193	139	198	219	200	218	160	152	149	120	164	131	189	188	173	183	148	154	200	191	107	121	191	195	130	140	204	255	255	89	148	186	132	159	177	181	210	185	172	139	190	195	166	169	145	133	153	127	155	165	189	168	130	90	114	239	244	189	153	163	228	213	194	200	198	196	60	19	106	150	163	209	169	90	76	153	240	190	168	176	95	98	147	140	213	255	193	171	194	126	21	50	191	93	8	95	184	229	212	65	175	233	119	197	173	151	172	224	221	106	34
169	141	137	181	170	150	156	161	158	143	175	156	133	120	133	124	166	197	199	160	184	193	181	211	186	183	112	104	154	173	169	197	151	151	150	186	157	152	158	126	151	185	169	178	237	222	243	129	83	23	9	192	166	132	140	212	99	226	226	114	100	114	85	105	122	52	154	201	179	142	116	124	86	111	131	87	110	163	196	211	221	236	255	201	169	111	86	78	160	181	196	158	115	255	255	252	210	101	132	126	127	91	128	230	40	193	229	79	36	75	91	12	173	161	155	166	86	116	182	175	102	198	255	145	67	165	141	29	70
168	166	163	172	176	155	162	153	177	170	180	168	142	140	188	192	174	164	145	139	156	177	159	168	146	114	150	176	173	142	169	216	211	174	143	147	123	137	142	134	127	190	183	126	157	113	131	32	62	47	18	187	128	118	175	167	90	187	153	101	161	137	53	75	142	184	230	215	153	139	187	149	192	166	84	104	97	119	169	106	194	254	255	242	245	202	50	80	155	100	94	155	85	108	112	162	255	243	255	70	0	1	109	227	178	253	250	202	63	90	32	68	245	200	62	73	141	254	141	124	157	205	198	173	165	134	146	186	178
157	181	191	180	187	161	169	157	173	214	201	196	194	163	173	188	180	178	180	201	193	211	188	171	149	82	153	189	175	138	144	142	199	164	190	179	167	177	112	157	172	143	115	87	107	82	170	179	122	25	67	78	63	122	125	135	74	145	178	135	156	199	171	159	180	213	196	213	225	194	184	140	168	236	255	255	189	91	208	152	151	220	234	217	208	255	167	211	246	181	110	118	142	92	58	110	249	212	139	98	2	171	157	173	210	255	255	246	255	154	11	96	253	175	106	133	174	251	178	172	197	180	182	107	93	139	156	157	218
149	148	156	173	190	148	158	168	158	196	177	180	179	151	148	154	171	163	155	171	153	181	174	140	146	139	127	128	124	177	134	117	188	130	160	166	155	174	127	175	176	116	101	98	86	99	185	186	42	0	79	90	114	129	75	72	115	137	229	193	131	170	182	190	159	138	214	241	250	233	133	136	127	158	210	250	228	236	146	184	128	166	196	92	55	152	211	163	203	129	97	52	110	89	51	199	252	163	170	238	54	153	252	252	195	113	134	186	155	40	14	100	245	190	151	184	216	234	164	122	65	127	203	187	174	183	216	194	212
163	152	143	158	175	165	174	164	161	151	149	166	144	159	177	165	177	179	174	166	126	138	165	147	141	153	174	150	133	162	169	142	111	141	129	152	164	143	128	186	199	160	174	166	146	175	173	67	88	147	159	189	138	118	146	160	157	179	218	155	133	194	167	115	117	119	203	167	85	144	159	149	166	169	173	185	222	255	51	151	187	164	247	178	0	26	117	0	102	130	158	116	45	121	101	54	162	166	100	255	11	6	241	255	159	133	147	48	169	51	3	0	132	167	22	5	138	177	91	128	99	160	196	255	225	73	120	159	127
174	177	166	171	165	187	200	172	161	150	167	189	167	183	168	151	152	184	217	204	142	107	154	163	178	151	208	189	179	131	171	114	100	197	162	145	154	143	171	255	204	123	150	176	197	195	211	176	173	190	231	233	93	73	63	173	204	174	135	151	184	176	168	176	165	131	102	76	12	114	236	209	171	170	190	115	209	155	98	86	93	187	226	227	198	133	89	123	163	149	88	169	135	207	187	106	0	0	0	180	138	1	204	189	113	114	0	2	184	248	25	29	137	183	142	136	178	172	136	199	238	185	229	133	49	63	107	70	75
145	140	144	179	146	151	174	178	152	161	158	161	170	187	144	168	203	158	130	127	132	118	156	142	142	185	189	166	152	119	142	137	172	189	186	175	184	218	182	167	188	136	175	149	160	138	206	246	253	248	255	229	87	86	84	144	188	188	119	155	194	158	153	116	145	122	83	21	0	131	205	184	184	182	165	109	88	164	222	160	118	113	184	174	201	121	102	91	110	164	82	157	251	240	78	150	151	59	164	255	255	230	255	208	243	217	34	0	0	255	77	61	82	5	55	154	252	240	219	232	192	154	151	84	100	157	213	162	103
147	147	173	202	166	150	174	142	143	138	190	174	158	149	159	165	183	167	118	111	119	142	180	162	155	171	145	153	152	119	133	150	179	190	197	217	212	178	153	142	171	156	210	140	134	145	190	248	224	180	230	217	144	158	179	159	139	203	162	132	172	177	167	162	194	116	115	63	53	213	247	205	214	171	221	137	92	219	250	203	149	115	20	126	192	141	176	123	143	197	184	145	197	177	95	98	221	249	246	251	249	209	254	250	226	131	128	242	207	243	135	172	238	1	50	146	138	94	185	167	178	133	100	121	168	97	105	214	109
149	160	162	183	179	156	150	128	144	138	187	196	175	157	160	180	165	145	149	123	126	165	159	155	154	153	159	128	121	126	117	155	145	140	186	177	137	80	134	173	168	133	195	183	107	190	178	170	77	87	176	255	163	75	198	158	160	184	141	115	152	148	145	140	165	129	210	214	183	255	234	215	76	144	144	189	150	170	173	109	146	202	207	252	255	182	138	243	201	121	61	129	89	109	122	198	242	255	248	147	137	207	105	124	76	45	219	160	90	255	244	255	244	255	141	62	210	87	37	91	127	86	27	64	130	140	124	116	64
159	163	131	138	175	177	177	187	144	161	184	177	158	179	176	172	187	165	165	130	123	160	161	166	127	139	159	132	127	149	155	193	175	111	148	139	155	114	158	139	167	147	92	149	114	207	204	96	47	165	255	241	125	101	203	150	171	170	156	147	177	162	171	164	126	98	150	153	165	255	255	240	212	246	195	169	144	95	126	136	131	207	255	255	242	105	41	112	173	145	93	134	15	77	171	241	251	245	229	187	0	63	159	29	185	250	255	92	57	177	138	208	92	190	193	48	252	231	160	143	155	151	76	82	118	163	165	163	105
148	145	124	131	161	163	156	160	141	171	180	182	167	191	166	140	157	163	151	167	166	161	186	169	151	185	180	182	165	148	179	187	162	137	179	152	182	164	187	158	141	168	75	113	180	205	184	77	23	61	64	29	70	163	175	177	198	187	198	184	185	159	162	138	123	126	124	110	129	240	255	241	251	167	194	209	100	120	227	153	84	111	179	169	240	150	118	149	180	226	181	164	110	127	170	143	153	155	155	112	46	123	253	253	255	243	189	149	129	7	144	255	76	105	240	8	14	93	207	186	156	214	231	224	187	127	95	164	205
152	130	139	150	148	160	168	158	179	177	164	182	162	152	145	167	157	149	138	169	168	147	167	161	161	180	178	191	166	132	154	158	156	165	179	152	182	186	176	183	139	167	150	97	156	154	111	133	182	74	3	16	38	136	151	171	212	172	156	123	123	149	176	152	144	176	131	102	71	138	244	255	252	188	106	166	32	135	250	159	155	133	203	145	255	233	156	255	255	255	185	200	218	194	217	191	218	250	163	22	112	205	181	253	204	143	242	220	125	149	103	164	125	83	77	0	14	0	53	99	204	170	210	193	154	99	103	202	223
163	124	156	174	157	188	215	201	170	184	167	163	142	128	144	174	169	127	137	137	133	138	135	165	163	144	177	179	164	160	148	171	152	183	195	176	172	164	136	194	165	180	171	125	116	110	126	190	148	18	91	133	56	131	127	112	147	113	109	114	144	215	223	181	185	225	164	127	98	168	255	245	230	201	216	249	98	162	205	83	111	154	255	251	157	100	71	203	255	244	177	222	222	255	255	221	188	222	214	203	98	61	164	255	255	150	216	101	173	250	153	214	253	255	237	128	1	0	59	255	241	118	144	161	175	194	223	240	219
155	121	166	190	172	186	179	147	118	170	174	160	166	154	153	130	132	115	144	146	143	157	154	175	193	169	196	195	182	184	164	163	175	159	152	156	185	206	144	146	171	182	152	162	162	134	187	199	127	0	8	45	72	113	113	154	106	103	133	180	197	246	186	119	156	204	208	207	198	250	227	117	106	174	255	245	224	194	163	113	150	148	195	255	111	81	69	40	199	215	167	201	184	255	242	137	129	146	207	190	122	157	247	253	245	255	180	139	195	250	251	166	188	205	255	138	0	168	255	255	186	155	155	176	187	208	249	255	176
166	127	151	163	158	172	153	127	146	159	140	135	176	165	172	151	164	175	156	153	137	139	181	177	166	172	166	185	176	163	168	122	122	124	151	131	140	189	172	167	172	144	131	103	157	145	181	209	146	161	5	0	164	102	112	153	157	139	129	147	128	178	128	97	159	172	222	240	218	251	213	155	144	207	174	185	168	123	154	104	161	148	195	196	108	178	191	179	183	196	152	156	122	164	221	248	255	143	143	155	215	173	223	251	255	248	255	175	255	249	117	51	46	43	221	227	132	139	196	25	0	152	165	178	152	113	165	255	162
174	172	133	130	170	159	139	171	173	150	154	150	172	173	189	175	174	182	174	179	150	149	136	144	167	171	182	181	163	154	150	142	160	150	158	144	152	147	170	172	161	170	148	109	137	137	180	119	163	173	124	136	170	112	117	173	147	179	105	133	144	172	150	146	158	140	179	195	177	202	217	192	229	125	121	169	212	139	151	182	140	185	254	221	108	221	245	253	222	220	237	123	125	203	173	247	252	188	187	179	180	207	141	22	70	231	65	0	10	0	0	210	208	120	5	120	255	208	96	42	0	65	137	159	177	255	169	255	180
164	158	123	115	142	144	152	196	157	135	146	157	179	166	155	126	121	142	156	178	160	154	135	136	167	161	158	157	160	174	182	175	152	151	142	171	214	209	163	145	126	116	159	92	99	169	207	143	160	186	181	242	174	79	137	166	161	169	149	168	166	156	145	128	169	177	175	181	190	186	186	193	123	176	215	204	201	152	148	255	132	159	250	246	147	172	214	111	211	208	211	189	129	228	161	198	243	191	220	180	255	176	159	60	40	171	154	132	5	0	5	52	255	250	255	109	235	254	115	207	252	173	32	0	70	173	214	165	149
145	143	133	132	138	137	152	184	155	144	161	169	169	150	152	147	117	133	148	172	168	169	161	166	179	176	170	168	180	192	182	160	139	147	122	165	211	211	148	146	145	138	178	100	159	227	172	137	162	224	167	255	177	68	155	158	184	159	105	164	193	181	207	148	176	181	156	172	183	160	166	173	80	172	246	186	191	189	133	129	56	163	219	142	152	145	174	119	146	142	122	155	109	184	154	241	197	159	127	185	255	166	234	135	92	104	191	255	251	66	0	110	255	242	34	90	143	178	81	198	255	178	46	23	209	168	49	88	159
141	137	145	157	155	151	158	167	189	178	188	193	179	164	176	188	139	139	145	163	170	172	171	177	174	184	181	175	183	184	160	135	146	157	152	171	175	166	150	175	198	192	198	163	237	242	167	170	218	142	115	65	22	200	208	157	199	172	134	167	190	195	200	173	203	177	153	182	165	151	202	193	110	159	224	153	190	174	198	208	185	150	163	98	115	152	178	175	78	149	158	129	169	167	163	234	161	178	159	51	229	255	250	144	101	27	24	167	218	165	51	117	252	106	7	0	201	251	179	186	250	140	49	133	255	255	137	0	116
160	142	145	159	165	173	180	176	190	170	168	184	179	170	156	147	136	130	140	158	172	161	150	142	151	167	161	148	155	161	156	156	166	164	197	196	169	140	156	160	180	177	173	181	173	131	159	181	151	141	105	51	90	249	140	112	143	175	246	162	135	100	107	184	157	167	168	199	173	150	200	200	103	171	143	53	123	127	188	214	249	158	134	115	51	141	203	208	114	96	87	77	217	161	169	202	168	234	253	152	151	194	221	150	151	252	168	165	159	167	254	243	255	248	0	8	107	255	145	144	255	198	162	91	85	253	252	10	103
172	154	152	167	178	183	178	164	157	150	150	165	154	155	143	135	146	135	146	158	174	155	148	141	152	169	159	144	151	151	153	173	168	139	169	164	144	121	135	100	136	171	154	174	164	113	165	211	179	188	73	113	132	187	169	94	165	170	168	93	168	111	176	185	117	172	160	156	159	140	169	211	130	105	2	11	88	146	135	45	104	91	121	240	126	143	191	169	196	141	152	165	220	139	143	147	167	118	119	118	99	148	25	112	174	255	208	115	255	255	255	255	243	255	0	0	55	154	31	153	231	170	169	121	130	255	255	68	88
158	156	162	177	187	178	157	141	151	161	164	171	147	162	166	169	161	148	157	157	169	150	161	168	163	174	160	151	160	149	142	165	158	133	131	129	125	131	130	99	103	120	115	139	177	143	121	179	171	177	101	68	146	254	155	135	124	142	121	88	124	56	159	163	141	171	137	107	138	161	174	204	173	53	7	117	139	181	185	119	172	60	78	255	162	138	191	168	175	205	216	153	116	126	187	217	206	133	144	158	151	137	143	121	152	234	67	194	255	244	232	123	193	132	108	8	121	186	169	228	80	174	0	131	246	173	178	103	5
140	150	158	170	180	170	151	145	147	156	154	165	148	170	159	146	146	139	157	154	161	137	153	167	156	156	133	129	150	143	138	167	159	168	150	154	152	175	162	158	172	93	129	149	144	124	55	90	156	140	199	196	185	211	116	215	181	149	202	175	120	90	34	60	105	109	125	138	174	205	160	94	124	125	159	162	138	174	194	153	140	157	136	145	169	177	133	139	221	175	123	122	170	168	163	209	217	175	166	195	157	121	125	98	106	135	80	228	190	214	220	249	252	1	73	6	0	255	189	136	127	226	5	153	127	135	202	37	137
139	122	133	149	157	159	149	145	114	173	172	153	156	149	135	115	140	157	136	151	167	172	131	132	151	130	114	128	147	143	141	158	164	172	163	160	174	170	147	137	153	132	139	169	145	144	117	86	208	189	143	76	69	116	146	213	159	154	212	161	147	152	107	81	106	144	159	162	166	130	169	173	147	214	248	208	197	210	181	142	107	103	123	166	207	126	150	178	208	145	142	160	174	185	122	157	160	197	188	125	117	189	76	10	123	135	48	120	255	254	255	237	255	250	5	0	118	255	255	254	208	148	186	181	50	24	255	211	224
137	168	167	147	141	119	116	161	171	150	140	170	176	158	161	158	174	191	176	178	171	171	146	152	148	147	148	161	172	160	152	164	171	155	165	182	169	143	127	116	157	163	162	180	155	154	149	135	208	205	88	54	0	0	119	175	191	182	145	158	175	160	168	199	186	185	148	144	175	127	138	177	128	113	233	255	251	253	167	180	162	114	150	161	117	92	186	162	46	93	167	166	164	168	158	187	165	216	245	201	141	153	129	177	221	219	172	94	246	255	244	12	170	202	12	255	255	255	251	248	240	67	255	255	70	163	236	201	220
178	203	199	171	145	125	137	174	179	162	160	173	161	169	194	172	171	165	146	148	152	171	166	164	177	179	171	162	159	154	160	179	162	148	173	184	144	124	136	135	182	207	186	197	179	169	166	159	86	75	161	244	134	195	243	170	205	186	138	137	209	252	162	166	167	143	187	172	154	145	120	107	162	189	230	230	202	213	155	172	131	170	160	132	150	119	166	192	140	131	192	221	233	168	143	179	134	111	119	148	161	164	167	224	180	161	233	197	255	255	152	133	232	25	0	182	239	253	255	255	218	41	138	123	4	193	255	119	179
183	172	188	187	134	130	169	158	150	173	172	159	153	181	198	155	153	148	147	154	161	181	184	172	143	164	173	172	174	172	173	182	193	198	201	184	157	148	140	121	172	200	167	190	198	182	164	155	94	110	218	115	207	255	223	193	175	183	171	115	171	247	157	145	164	108	186	172	147	190	150	117	239	255	177	146	159	169	126	202	151	147	159	169	170	163	200	150	168	182	226	192	196	195	147	137	158	177	168	138	164	218	228	202	239	145	181	211	239	251	5	33	240	255	24	0	133	236	63	197	200	46	87	61	106	150	192	113	52
152	146	167	183	138	127	165	148	148	155	134	146	176	176	164	148	140	164	194	190	173	164	165	155	146	163	169	168	174	175	172	175	155	175	162	162	196	191	146	123	153	179	151	182	210	205	181	178	180	234	130	5	77	139	142	219	158	167	149	120	140	147	139	99	169	142	142	166	179	164	133	144	205	196	146	116	167	203	73	110	98	77	158	208	150	154	176	23	95	173	245	166	123	182	149	165	175	214	219	169	157	205	244	242	255	137	153	131	138	21	0	0	0	255	143	6	111	127	0	5	17	78	255	85	213	255	163	56	92
148	160	138	161	175	143	141	143	151	161	133	139	164	149	141	151	139	160	177	158	153	144	150	146	164	166	154	146	154	161	163	170	175	194	169	160	185	152	108	125	164	184	162	164	186	205	170	165	148	122	123	127	114	119	196	183	159	149	181	145	141	145	129	81	180	245	236	255	210	123	145	161	207	195	151	142	147	175	114	67	119	164	187	164	117	144	220	194	191	183	210	197	174	196	154	205	190	186	186	160	144	188	212	232	195	58	93	130	242	0	4	9	13	232	127	51	38	143	181	14	0	141	217	93	152	179	236	224	236
159	160	117	147	179	138	128	137	146	168	153	136	131	138	157	156	153	159	149	121	148	154	167	169	135	141	142	151	166	165	157	161	179	197	182	167	173	159	157	194	173	184	164	127	147	202	143	107	105	121	146	205	152	165	130	121	151	176	250	168	132	198	189	193	176	227	253	255	192	140	126	153	236	199	99	113	76	49	130	127	119	165	192	194	145	144	223	249	233	199	175	195	224	221	186	175	223	239	246	190	144	207	182	163	203	124	25	16	132	0	0	11	189	210	0	88	255	181	242	232	211	250	137	219	255	172	230	184	186
169	158	139	175	161	120	150	160	151	142	135	139	131	151	184	166	149	170	165	128	154	151	164	177	176	167	150	144	148	142	139	150	170	176	166	152	163	185	190	181	181	186	171	119	155	248	167	96	133	233	237	199	200	156	115	86	159	213	217	183	156	209	215	197	172	126	157	181	255	255	73	142	225	240	182	131	104	91	119	109	128	147	152	220	234	156	124	141	153	178	183	216	226	155	165	151	172	130	162	197	164	178	113	133	205	255	59	0	0	11	228	252	249	6	12	0	146	125	191	177	2	20	56	221	255	155	109	169	84
169	178	223	177	151	180	157	159	159	111	141	140	134	177	186	190	167	183	160	145	174	183	162	155	156	177	154	167	178	147	155	179	183	185	186	169	187	187	139	141	193	180	186	132	193	185	87	118	195	254	226	176	200	165	142	107	141	201	173	155	136	131	173	153	177	102	251	255	253	255	105	106	104	187	216	144	162	175	141	162	165	132	160	183	183	173	151	126	130	95	147	176	141	209	207	107	102	64	97	161	168	159	156	137	203	249	24	0	6	8	245	255	252	14	0	17	4	143	183	58	8	0	15	60	184	36	204	255	244
148	170	196	177	155	158	144	131	170	131	150	145	147	182	174	170	169	165	149	151	177	183	167	159	162	153	126	142	166	148	152	187	166	178	186	179	152	141	161	176	210	182	167	171	170	97	113	134	209	237	126	51	112	187	156	105	115	187	150	156	121	133	172	118	190	234	255	217	167	156	174	209	93	136	158	168	200	179	139	122	162	163	119	129	104	140	179	184	179	154	102	168	209	242	163	126	234	157	143	160	141	164	179	111	148	131	0	9	0	7	202	255	136	0	80	24	185	234	169	63	26	118	18	72	71	28	247	255	254
157	175	160	143	129	128	144	131	158	151	164	138	129	153	157	177	138	126	132	154	169	176	180	179	184	163	155	167	179	153	132	165	176	185	188	193	144	123	170	167	218	171	120	115	110	85	101	217	248	211	153	68	144	205	124	170	151	169	170	132	99	177	145	122	220	247	167	104	153	227	255	242	197	120	242	195	206	193	122	140	164	150	108	122	120	152	183	179	156	170	165	184	170	223	230	208	244	164	124	157	178	137	89	81	0	20	0	0	0	154	65	0	6	106	254	13	230	185	166	232	99	40	141	161	109	91	123	184	223
190	202	169	135	130	147	167	160	129	150	164	137	130	140	140	168	142	133	154	167	150	151	167	163	152	147	167	168	166	150	125	157	136	165	189	196	160	130	132	107	126	120	122	174	193	218	130	206	248	180	155	177	161	96	198	164	157	159	172	106	104	177	120	135	185	137	81	130	186	159	150	174	108	96	172	78	189	134	89	137	1	24	126	125	94	113	179	152	152	68	138	180	185	219	255	228	154	146	144	135	177	177	129	175	34	7	0	159	18	115	29	0	0	5	237	255	182	217	112	214	204	45	39	20	22	57	157	136	202
173	196	191	151	155	179	162	146	142	167	180	178	194	187	154	152	155	149	171	176	153	161	175	155	156	152	164	142	137	148	140	162	152	175	177	133	122	139	143	169	161	137	148	226	229	231	176	122	186	215	162	168	176	114	190	122	111	179	159	122	145	113	125	151	182	178	141	202	165	70	120	129	23	110	243	128	154	106	102	163	87	166	99	54	168	188	172	164	162	122	186	154	138	147	173	231	137	126	191	164	129	140	126	176	177	0	62	255	51	159	73	0	153	219	140	196	114	255	156	102	143	143	16	74	85	109	227	160	192
148	180	187	156	167	184	150	133	158	179	187	192	203	187	161	160	156	146	162	172	166	182	187	156	175	170	164	142	143	163	162	156	139	167	184	156	171	185	148	159	168	106	115	128	190	207	243	235	241	242	224	187	154	208	174	118	91	162	164	110	119	52	85	159	177	199	190	149	98	111	119	27	68	144	255	183	201	224	166	208	238	255	166	192	157	116	119	102	148	156	160	121	106	169	137	176	139	52	57	109	175	192	116	78	253	111	135	255	48	0	0	18	251	255	24	183	57	248	255	248	255	250	236	215	250	255	153	177	191
162	190	168	158	175	173	166	162	149	159	159	163	161	148	155	174	171	158	167	176	164	160	155	137	139	146	145	150	154	163	170	152	157	157	156	151	156	158	149	149	132	125	141	140	197	201	238	255	255	255	158	153	144	176	163	174	161	176	213	147	129	102	110	200	172	166	201	165	128	149	107	39	98	255	237	169	215	124	137	233	255	242	143	184	109	92	111	173	169	157	151	188	139	142	82	59	137	146	106	114	150	174	174	109	222	211	244	245	191	157	19	238	255	227	255	241	61	66	118	235	255	224	255	119	194	255	97	0	66
160	186	135	148	167	143	167	170	166	156	149	167	178	173	183	193	159	155	172	184	162	140	142	152	144	158	154	165	151	137	157	145	170	162	153	159	121	107	162	177	130	183	134	199	157	155	255	203	214	116	98	126	115	155	159	169	163	171	182	173	143	128	150	177	167	191	165	157	140	157	214	177	88	128	207	128	100	0	126	218	187	106	101	131	160	238	178	193	157	193	174	183	164	171	163	92	168	168	138	192	150	143	251	174	209	241	209	208	255	255	0	255	143	228	242	207	244	167	132	51	60	107	228	138	153	243	220	28	60
164	148	144	161	173	164	145	133	148	170	173	175	171	167	171	156	123	138	150	145	159	148	166	148	132	149	148	164	155	136	150	148	166	169	143	142	133	155	153	154	170	182	179	232	175	147	238	178	135	92	76	138	138	149	170	155	167	200	140	162	180	175	136	64	148	115	102	152	128	90	154	194	122	42	137	181	170	117	54	208	216	172	150	146	143	168	242	255	186	202	159	140	117	182	162	158	239	137	42	174	241	60	37	101	255	247	255	255	148	4	7	39	45	34	123	149	126	220	255	51	174	198	254	250	145	255	241	63	165
186	175	175	185	178	157	147	152	182	180	158	158	168	171	169	144	110	136	156	161	162	159	171	145	166	171	157	154	140	138	162	154	152	149	169	151	180	197	156	164	220	209	111	120	161	160	182	138	162	111	22	138	219	180	166	163	169	169	146	145	151	202	202	82	140	171	150	141	109	76	133	185	233	204	214	249	216	133	93	245	255	188	153	91	154	240	255	236	255	204	144	96	83	131	106	154	214	127	141	213	171	3	41	149	236	255	255	255	255	172	0	0	1	154	250	137	49	168	219	72	178	232	255	255	134	140	139	83	177
166	157	158	166	160	141	136	146	174	177	158	155	158	160	166	151	152	170	169	165	141	155	170	145	166	183	185	165	134	142	173	160	148	171	202	174	196	182	174	188	173	187	110	97	160	184	181	160	202	113	34	192	214	132	154	125	166	153	154	154	141	126	122	108	146	196	161	141	141	105	109	138	144	193	255	252	204	84	188	255	255	237	192	152	236	251	222	139	255	245	189	124	137	125	111	216	225	148	208	199	182	208	224	144	138	211	255	234	255	96	0	39	0	240	242	124	232	255	134	10	176	85	131	161	233	108	35	226	72
164	155	149	154	163	164	153	142	159	174	170	172	168	162	169	159	155	165	151	155	129	161	182	163	183	181	173	152	141	168	176	134	141	186	183	186	165	128	179	160	124	152	181	186	198	222	196	135	177	195	93	137	177	161	178	153	202	174	156	148	147	155	130	145	176	183	150	170	205	171	144	149	98	177	184	138	229	222	255	100	207	226	152	193	197	185	120	204	241	255	200	132	175	106	96	190	175	124	130	162	252	255	191	168	117	123	248	255	238	211	18	0	0	0	222	90	176	162	133	95	167	170	54	203	238	255	55	99	11
175	176	167	157	166	180	167	139	144	152	146	158	165	158	155	136	139	150	145	168	153	169	172	153	184	189	184	146	126	154	169	151	168	181	174	212	169	165	208	156	160	122	121	103	118	192	191	130	99	163	146	160	170	169	168	176	210	146	162	202	154	155	122	126	170	149	143	177	196	184	181	178	124	202	91	81	213	253	185	85	189	114	94	117	255	151	123	255	255	143	58	22	140	146	141	172	131	49	72	180	196	186	197	255	176	84	16	0	150	15	0	152	7	0	77	124	161	160	142	176	193	133	124	255	231	255	247	210	145
157	173	170	149	145	159	157	139	130	142	140	150	152	147	157	153	158	163	158	187	188	172	165	166	164	182	191	160	149	167	173	182	153	124	152	172	132	183	195	173	156	151	140	113	147	200	187	171	149	112	102	99	91	161	194	204	251	214	226	255	211	160	113	154	146	132	150	166	157	168	173	139	132	155	91	134	241	233	168	136	239	189	46	165	218	121	107	196	183	21	40	40	117	136	142	178	100	141	172	182	147	159	165	147	95	62	4	5	15	0	0	255	0	1	164	187	223	197	163	187	192	143	166	245	122	246	244	206	118
161	170	168	152	142	147	155	158	156	170	169	172	164	157	177	183	157	154	148	178	201	161	169	207	170	162	153	149	190	207	172	171	160	130	157	150	150	199	196	199	167	191	175	137	155	172	165	192	160	152	86	48	148	255	204	117	207	244	207	128	180	197	173	163	144	148	175	173	156	174	171	131	147	164	141	77	107	142	204	152	131	134	59	177	155	92	183	225	122	109	159	161	187	110	116	184	185	179	237	183	110	169	253	182	78	18	0	8	231	33	17	25	4	3	76	160	119	177	121	158	187	185	151	255	215	255	178	49	88
185	175	164	157	148	143	151	164	191	184	164	167	168	159	161	149	150	145	139	162	190	122	129	187	155	165	163	143	160	161	144	191	169	158	146	148	206	211	196	164	171	174	161	153	177	188	170	166	192	149	142	168	195	239	152	32	88	142	168	81	131	146	181	137	133	152	179	167	147	163	178	180	172	204	159	130	120	132	160	134	34	0	137	250	230	215	157	109	132	149	0	2	192	142	156	187	199	158	225	186	200	216	247	181	58	205	124	128	31	5	0	88	177	0	0	116	88	255	0	66	114	46	150	145	182	186	158	91	127
198	151	171	168	163	149	112	155	189	161	152	169	160	176	160	171	164	146	137	191	174	115	143	166	157	182	170	140	156	169	161	186	161	149	143	178	188	180	175	129	155	206	156	159	176	155	136	178	199	148	127	141	190	235	133	102	125	96	146	160	113	137	182	185	176	179	164	165	167	171	193	197	173	174	158	142	176	164	142	215	242	187	206	247	255	198	150	110	163	65	0	6	122	240	251	230	98	104	187	201	147	131	126	120	201	148	16	0	0	12	0	97	138	137	40	146	206	254	194	186	122	126	182	92	118	228	195	110	94
103	78	213	255	155	119	140	141	175	153	141	144	158	183	176	185	169	171	157	183	174	147	168	156	173	166	141	136	123	123	161	168	161	156	156	183	169	137	149	155	186	139	144	201	165	136	167	174	132	160	123	66	235	169	118	180	116	138	177	126	135	169	191	152	158	149	134	152	171	173	178	166	158	180	180	155	166	148	168	247	204	194	209	74	116	120	142	150	132	131	114	115	188	255	255	174	104	143	158	213	176	106	199	207	255	255	0	2	197	244	0	9	2	0	19	85	227	126	253	255	101	124	218	176	147	192	171	165	153
47	99	185	208	149	113	148	198	199	192	179	154	177	179	148	134	143	140	136	172	167	143	167	169	157	149	134	151	120	131	205	178	150	171	163	153	144	137	154	162	174	156	166	202	205	169	175	179	107	229	190	95	154	117	94	120	129	157	165	133	166	181	157	143	131	151	161	170	150	128	153	177	186	195	183	156	162	135	164	197	153	87	170	131	94	149	151	155	169	183	146	139	176	255	206	62	255	249	185	180	153	190	214	198	255	255	11	22	255	231	16	253	0	0	227	105	187	0	72	189	65	123	201	178	165	209	164	100	103
144	172	184	188	163	157	193	195	202	244	255	202	189	157	136	143	147	148	154	182	171	149	174	185	140	161	170	174	150	180	233	184	147	174	165	144	145	154	171	192	160	179	159	145	195	154	132	161	169	232	201	181	168	211	176	128	134	154	137	163	165	182	129	153	166	155	141	158	159	144	155	163	171	172	157	150	171	151	180	170	178	134	97	36	32	207	185	179	176	148	220	134	158	253	211	181	243	255	208	143	201	255	169	126	255	188	182	62	117	243	243	255	68	29	249	137	0	2	75	210	166	163	176	196	159	96	128	153	59
143	163	168	199	195	167	170	147	176	207	220	174	188	178	163	166	170	188	189	176	163	172	181	156	142	165	178	157	146	173	179	155	159	163	168	173	166	145	166	232	227	176	163	151	154	133	156	179	143	145	167	164	202	176	167	191	133	166	167	177	160	208	177	177	179	148	119	144	168	164	165	156	144	159	160	160	165	153	192	190	142	140	84	0	7	183	188	113	105	120	206	210	225	79	147	138	39	82	164	162	241	255	202	11	119	250	213	0	20	255	255	128	14	0	108	5	0	86	75	198	170	146	127	177	127	0	105	205	151
142	149	155	192	179	130	149	180	161	162	164	154	189	197	167	152	169	165	161	159	164	178	174	147	168	168	166	148	154	165	156	172	167	160	165	162	163	161	164	195	220	169	181	172	148	166	202	203	104	171	229	151	140	94	98	118	129	144	177	156	162	187	200	188	157	160	154	164	157	142	159	171	161	174	170	168	155	153	175	190	195	171	126	100	29	133	184	151	136	133	187	131	125	159	157	206	173	76	142	68	157	226	9	165	255	128	0	243	227	226	198	140	204	112	206	163	251	238	155	161	167	210	181	177	141	73	165	184	159
186	126	138	158	97	89	151	160	170	179	195	195	179	176	161	175	165	144	149	166	175	180	178	175	188	184	170	173	180	182	192	196	164	161	164	138	147	186	172	143	130	134	156	154	143	166	165	176	152	236	247	188	162	177	159	84	129	116	143	130	154	142	158	176	173	171	158	164	164	156	164	161	175	176	163	173	163	179	164	191	181	205	136	103	71	111	126	171	207	141	121	189	142	158	90	238	245	159	17	8	100	248	216	255	238	143	60	255	92	0	134	243	248	178	74	188	254	188	135	146	134	203	191	171	139	175	223	240	211
157	162	129	120	163	168	152	174	203	169	155	173	168	186	169	176	156	166	181	166	156	174	177	166	164	178	157	168	161	159	183	140	162	154	172	153	147	178	171	152	135	116	146	182	155	147	134	175	138	171	142	163	211	181	187	155	158	157	150	145	163	164	150	183	174	170	152	156	164	166	177	169	190	194	182	195	171	187	144	183	173	119	151	144	187	159	205	213	189	148	130	185	190	148	31	68	79	60	113	255	246	122	255	251	253	255	137	134	112	4	92	255	218	11	16	130	205	148	149	149	162	228	210	164	121	216	157	126	223
179	181	155	162	209	210	187	199	178	186	170	162	161	171	186	171	162	160	180	160	151	170	156	146	174	169	172	170	180	177	151	150	175	209	170	124	146	162	159	181	147	113	140	186	173	145	141	139	136	200	99	99	202	167	189	176	184	218	167	131	181	211	186	154	153	139	137	171	185	175	170	147	153	186	138	153	164	182	159	190	175	160	174	205	224	230	215	184	133	147	154	174	160	179	192	55	0	116	246	254	224	157	142	192	254	255	238	81	255	8	0	249	134	140	167	164	211	156	158	201	198	201	220	224	190	247	216	143	105
183	186	181	190	194	159	141	169	151	132	143	157	150	150	154	146	171	160	175	165	155	164	154	153	137	148	175	160	162	168	138	150	201	224	191	148	153	151	133	135	174	133	128	155	164	170	186	192	193	193	99	136	118	140	171	151	141	146	145	156	196	215	186	155	141	137	137	165	180	188	202	190	168	190	177	182	176	186	142	125	141	133	158	167	171	222	217	128	137	168	156	175	150	154	241	136	170	111	58	193	149	199	221	132	119	59	2	0	45	76	4	0	27	193	237	98	106	129	135	187	206	115	117	168	202	236	239	158	39
195	176	168	185	200	193	185	189	187	155	161	175	171	172	161	137	166	151	166	171	165	166	163	171	145	159	173	135	136	155	131	148	182	202	186	151	146	157	159	158	151	146	152	170	189	201	204	202	210	167	90	126	64	119	157	157	144	119	161	190	186	174	144	142	149	156	155	161	159	169	195	189	158	163	176	147	126	157	145	138	139	150	167	185	192	174	129	88	215	195	118	112	135	158	241	219	255	249	195	255	206	206	138	146	255	0	7	137	99	73	0	14	59	77	147	125	109	166	203	237	172	153	147	80	130	183	194	60	148
166	172	181	170	153	164	178	170	152	162	136	146	180	195	189	149	163	158	173	182	176	174	175	176	176	199	183	151	162	172	151	145	159	199	220	199	182	189	180	149	160	176	170	150	151	166	180	190	198	181	149	147	157	170	163	171	193	171	171	119	121	181	163	138	159	162	155	163	170	184	200	181	169	150	155	115	123	157	133	132	144	143	125	113	143	184	173	129	151	132	87	103	169	201	154	186	99	137	153	95	205	214	63	0	79	126	145	248	238	29	2	106	255	153	70	104	149	161	155	213	150	212	206	138	85	149	154	175	248
164	168	184	178	152	153	153	128	104	170	122	135	179	161	162	137	164	173	183	186	175	172	174	161	146	199	182	183	200	175	147	117	156	184	198	179	177	204	194	142	144	163	151	122	124	153	179	193	191	189	169	131	182	182	145	149	162	155	163	124	125	156	152	191	153	148	143	162	174	179	181	155	164	171	173	126	135	148	131	182	193	140	159	153	100	157	224	177	155	174	161	172	151	197	140	161	18	0	1	0	206	62	0	67	159	247	247	255	0	1	130	255	255	253	157	155	157	165	169	156	130	132	120	133	48	137	59	83	197
167	137	142	166	166	157	148	133	133	210	173	180	191	130	126	133	152	165	169	171	161	160	172	157	133	189	180	189	203	160	130	121	154	146	130	121	155	210	215	173	140	152	155	149	158	181	190	180	161	157	141	127	141	172	134	127	134	134	153	148	142	128	123	180	153	163	177	194	171	147	167	180	154	179	168	136	144	148	130	191	161	119	161	184	117	101	126	101	110	152	153	190	107	191	245	201	112	30	30	9	213	102	58	203	220	255	103	0	9	3	149	255	242	219	76	109	180	200	217	193	83	0	116	161	123	75	115	179	230
139	129	143	158	138	114	122	143	150	187	183	171	164	143	146	168	152	156	150	160	153	152	181	180	173	183	178	169	193	174	136	175	161	148	140	157	191	207	187	158	188	176	173	165	154	169	181	167	145	163	167	189	177	195	146	140	177	180	149	94	107	178	185	127	142	137	146	169	139	104	138	179	177	175	136	152	181	198	131	100	120	137	132	129	163	185	139	73	139	155	161	215	164	209	255	173	71	90	137	0	32	210	240	161	54	237	226	158	246	255	87	252	180	110	97	167	100	89	171	115	72	56	176	86	142	112	253	240	231
162	165	177	189	188	174	161	155	159	148	163	120	109	163	175	186	179	168	151	166	159	151	191	205	178	143	146	130	176	188	130	200	168	155	154	177	191	170	146	148	153	143	160	164	144	156	181	178	174	195	174	167	169	158	130	166	174	171	173	156	133	178	221	176	240	176	138	166	164	130	137	152	175	180	144	165	164	208	184	146	138	152	167	172	174	168	131	83	244	176	127	126	146	174	204	211	126	201	162	76	6	115	255	255	255	115	255	255	229	138	15	159	60	98	121	102	54	113	166	55	0	103	126	52	102	110	193	186	170
164	136	161	160	179	206	157	128	137	144	179	154	140	141	173	180	151	159	158	135	159	182	166	192	166	124	150	145	175	133	139	182	166	148	142	134	149	168	153	143	143	200	208	156	147	190	161	197	198	196	180	167	169	168	164	168	145	146	177	195	184	130	162	205	231	160	199	173	160	169	158	143	131	173	192	179	157	195	185	182	159	180	163	167	141	101	133	19	139	202	115	28	67	143	167	230	244	208	81	160	6	12	244	255	242	254	151	227	169	105	141	64	87	114	78	156	65	60	69	98	126	132	86	186	197	99	137	113	116
177	176	165	153	186	182	140	168	169	142	134	148	175	159	159	190	159	154	149	148	165	166	154	173	139	149	180	141	154	126	140	179	163	153	161	158	158	160	150	158	165	240	246	154	134	178	151	156	154	162	165	172	186	182	165	157	130	166	164	164	195	166	163	211	137	126	142	136	190	180	129	128	143	148	166	186	170	175	171	205	158	150	130	139	138	97	122	94	110	175	139	124	148	108	64	160	132	54	68	120	156	243	141	5	255	244	255	129	0	3	198	119	169	128	142	241	82	32	31	102	168	131	130	231	214	145	130	165	211
202	189	192	197	192	182	173	171	167	177	142	134	149	143	135	174	182	160	136	141	136	124	151	182	150	166	173	143	192	180	158	157	158	158	178	174	154	137	128	149	146	217	234	144	140	178	167	163	175	162	139	135	154	165	165	169	144	175	187	183	171	187	201	217	139	127	116	148	226	208	156	145	136	119	115	129	138	159	148	160	146	143	155	154	157	120	119	161	185	102	89	84	67	119	74	3	147	54	80	10	191	255	221	237	253	247	242	19	17	3	162	146	105	79	121	115	114	92	73	88	99	146	180	81	94	166	120	191	255
164	145	154	173	156	153	158	119	171	208	173	146	124	135	147	180	170	151	131	156	152	130	147	143	140	163	159	138	188	172	155	172	153	163	185	174	152	140	131	144	147	177	194	143	156	162	158	164	176	163	142	142	159	159	146	142	147	161	181	181	141	164	154	133	167	124	123	165	162	145	161	131	169	153	144	137	150	179	172	170	148	131	147	113	114	131	120	167	156	175	127	131	94	133	199	126	244	214	224	158	16	4	191	196	44	160	117	16	10	255	251	255	156	30	27	61	193	134	95	134	191	124	132	233	199	187	206	198	123
159	156	142	163	179	157	149	160	190	188	155	160	133	142	168	183	167	153	130	157	171	161	158	122	144	171	147	118	154	148	149	174	134	150	167	149	143	156	146	141	151	150	159	143	170	160	155	163	160	156	150	160	174	163	142	135	157	170	166	178	197	205	134	119	150	149	177	193	115	109	170	139	155	152	171	165	158	155	163	189	167	133	158	135	135	176	140	141	184	146	152	190	174	212	243	238	146	3	248	217	12	100	182	71	106	70	176	26	0	45	117	255	255	190	119	112	168	220	124	28	168	78	255	235	237	111	209	240	96
161	128	150	194	187	154	154	181	195	192	164	166	143	151	179	159	158	171	164	161	159	159	166	159	177	220	194	161	177	176	172	171	146	159	168	145	148	175	163	145	139	142	146	147	170	173	171	167	169	164	153	152	159	152	149	160	159	134	144	150	153	161	119	112	118	179	205	209	169	180	207	183	127	145	174	154	157	164	164	161	161	151	193	205	181	182	135	124	119	138	160	175	201	255	253	255	11	0	48	140	231	255	153	248	152	0	82	211	123	23	75	183	112	189	187	135	146	177	85	34	230	233	254	196	96	17	101	255	147
171	111	166	207	174	171	175	169	170	196	178	172	175	164	188	166	135	175	201	183	167	156	152	178	181	239	238	216	190	165	174	186	180	185	189	167	168	189	177	163	148	161	158	163	157	157	154	153	158	164	166	166	161	144	140	156	184	135	178	161	111	109	111	103	110	154	160	182	183	187	179	191	171	179	191	154	181	209	197	156	126	147	149	164	148	136	112	121	130	176	148	206	147	158	241	87	140	245	79	181	255	215	0	255	253	146	136	255	117	228	255	206	96	144	143	90	214	255	139	135	255	160	204	167	121	193	198	218	237
169	139	157	146	158	191	166	162	122	131	116	157	211	160	174	192	170	180	183	155	158	163	151	193	195	195	167	178	171	142	147	157	167	167	174	159	158	171	161	159	142	155	154	177	150	140	142	162	154	163	166	163	153	136	141	167	151	145	195	175	173	154	129	140	154	144	146	184	155	126	130	199	177	149	147	124	148	149	145	135	99	145	108	136	172	170	133	119	165	143	157	183	145	147	160	177	253	213	123	175	247	222	255	240	255	63	3	0	104	251	153	120	244	209	177	105	115	182	89	167	159	122	228	255	252	252	255	202	255
166	175	186	207	187	136	135	170	139	131	119	155	196	160	147	209	209	164	141	146	153	155	148	136	128	147	168	176	148	140	169	170	181	173	154	163	173	171	175	163	155	154	157	167	165	141	134	153	151	153	181	176	164	160	148	169	176	158	134	140	155	152	162	183	160	122	168	190	139	130	102	150	169	95	104	133	134	131	112	116	134	139	137	127	129	148	119	153	160	169	192	154	188	148	129	250	255	91	170	255	249	255	255	255	9	0	10	20	74	215	244	212	209	194	106	181	69	56	63	125	191	234	255	249	244	255	248	255	255
168	145	168	184	144	139	176	176	157	137	133	164	183	155	137	157	170	136	126	152	165	167	164	136	89	131	165	183	168	152	155	139	171	171	162	178	187	177	172	155	164	154	136	131	138	139	142	155	176	160	166	159	159	165	155	167	172	140	141	119	146	178	152	188	158	132	138	149	134	137	126	185	193	150	139	151	176	127	119	176	196	158	152	149	139	178	161	159	120	158	187	129	114	207	194	255	255	29	171	246	255	237	227	90	53	130	78	250	59	2	39	255	216	106	26	56	77	87	143	208	255	251	229	142	82	96	223	196	185
175	171	162	145	135	143	158	166	148	146	160	170	156	146	152	159	177	145	127	157	163	165	176	135	103	136	139	143	153	157	155	134	140	148	150	171	175	157	147	129	155	163	158	152	153	142	124	116	160	150	155	154	157	163	156	163	172	153	146	122	159	189	153	177	179	176	155	171	189	177	148	172	172	157	130	152	162	132	149	213	199	145	177	199	154	182	192	200	160	130	125	84	6	119	255	175	207	32	220	253	187	255	255	255	248	106	66	190	204	3	0	4	183	185	0	46	129	73	146	255	249	188	88	92	33	0	115	241	199
152	174	187	187	200	188	149	141	164	180	178	157	144	153	171	184	195	167	145	169	165	161	174	124	120	141	120	122	160	183	180	158	149	160	166	186	186	169	170	164	154	160	154	147	147	143	145	158	127	145	170	174	164	154	150	157	161	171	131	143	179	167	160	158	187	182	145	162	184	172	159	148	175	165	132	159	117	140	177	187	167	122	179	224	167	161	168	198	199	175	177	191	50	87	210	70	0	61	255	129	161	235	0	200	255	148	115	160	55	73	131	54	2	140	182	86	151	165	209	130	76	83	124	71	116	249	237	249	124
172	131	154	166	155	178	182	167	193	209	167	126	150	169	162	168	173	162	158	179	175	168	169	123	109	144	147	167	201	204	189	167	138	145	144	158	155	143	159	168	173	159	144	144	148	140	145	168	133	160	183	187	170	154	156	161	149	152	115	142	167	138	142	148	156	162	161	182	180	170	194	168	173	175	161	165	137	154	204	199	184	153	181	209	185	185	156	168	198	195	154	239	183	234	116	12	6	0	92	255	21	0	24	255	193	77	255	239	86	30	39	158	12	36	144	110	154	152	215	181	145	176	119	0	224	252	221	65	0
159	124	146	156	152	152	125	120	155	184	144	110	148	166	150	158	163	160	163	160	161	169	166	154	149	172	177	190	187	164	161	158	173	168	154	160	155	142	158	167	176	161	155	172	181	154	126	126	151	165	162	164	161	160	175	175	162	129	125	134	140	127	115	143	130	155	191	202	173	152	196	183	142	165	179	147	178	143	183	212	171	176	185	172	167	203	173	170	225	89	0	168	147	38	42	171	255	5	86	221	79	81	253	255	14	194	230	255	173	105	141	160	100	128	144	177	168	132	141	137	253	156	158	196	158	253	164	253	254
187	166	160	138	152	149	106	130	119	147	139	127	152	167	159	160	165	162	163	127	131	156	151	180	187	171	161	174	158	132	149	162	188	173	154	168	173	160	165	163	160	156	152	162	174	165	155	161	154	161	143	144	147	152	175	171	162	129	133	145	139	133	131	138	120	138	157	139	123	108	154	176	152	178	197	158	168	141	136	151	131	160	189	166	136	173	164	173	121	89	31	193	234	108	251	255	130	164	251	255	255	170	246	255	0	135	255	239	253	27	199	163	215	194	235	159	115	113	121	112	250	232	255	247	253	255	172	252	255
163	125	156	152	142	166	149	141	152	149	148	153	170	185	173	142	144	150	160	111	117	146	129	177	160	124	124	172	178	160	173	176	168	152	138	170	194	188	186	175	144	162	166	158	155	153	160	177	153	168	152	149	142	136	156	150	133	132	118	163	158	141	177	137	108	130	147	134	159	141	152	177	171	189	205	199	146	193	150	116	160	173	222	216	156	163	153	167	200	250	188	248	253	148	250	242	44	255	227	0	251	213	203	247	183	27	90	255	255	189	214	161	179	255	123	56	47	112	161	230	132	211	252	255	254	204	147	255	254
154	103	105	133	155	162	146	148	150	166	144	143	182	173	141	152	124	137	152	115	149	143	164	153	166	192	179	218	214	196	166	138	166	168	155	161	166	167	180	175	159	162	156	154	159	164	178	201	156	164	145	174	170	164	156	166	183	152	137	187	182	154	177	155	141	111	146	166	154	164	113	155	171	187	216	200	172	139	115	159	143	160	202	177	181	152	135	157	132	179	255	167	0	4	86	248	43	39	139	1	62	255	250	255	250	184	224	177	123	210	161	154	118	192	74	13	0	124	198	213	113	189	244	131	159	189	253	255	250
144	136	148	172	156	141	163	170	157	156	179	183	155	157	172	160	165	132	120	114	176	156	150	140	175	225	205	168	151	156	138	169	177	163	140	152	167	164	164	148	167	172	158	143	148	158	164	172	158	175	145	139	160	195	204	187	185	154	133	180	184	160	185	179	165	164	126	162	161	156	158	137	146	161	137	136	188	177	148	201	190	70	99	141	92	160	118	97	73	130	245	57	79	40	125	208	10	0	48	173	107	133	193	136	141	72	243	255	186	199	133	131	169	164	105	95	134	175	141	93	94	238	255	14	46	176	101	120	66
158	140	132	169	175	181	211	183	187	170	198	197	146	148	167	134	94	126	149	133	170	150	153	161	174	160	180	153	115	159	168	169	179	163	145	165	179	168	165	153	166	174	160	143	154	172	174	170	180	185	168	164	179	171	172	159	156	167	158	182	189	177	186	167	176	172	123	172	169	143	166	142	119	132	136	165	195	196	201	209	168	115	169	136	118	117	115	106	109	161	139	107	166	174	187	92	93	141	100	166	210	163	0	80	209	74	255	251	141	123	117	172	159	192	196	191	231	255	187	133	156	94	101	151	178	76	0	203	134
164	134	130	146	152	182	211	188	145	154	174	175	161	164	171	162	132	164	173	154	190	177	165	160	156	143	222	239	156	150	170	153	168	168	168	189	186	160	161	164	168	173	161	151	161	168	165	162	164	159	152	144	147	111	137	159	170	191	186	196	195	177	187	191	159	143	155	154	128	126	131	146	109	144	165	190	187	184	199	169	163	171	171	107	163	76	133	159	149	250	148	206	255	250	113	22	76	213	96	0	0	115	140	72	227	43	191	109	86	136	126	120	93	165	131	135	176	249	223	248	190	124	114	167	116	0	62	240	59
189	138	142	124	127	169	155	142	110	136	166	173	159	160	178	191	203	179	156	158	192	171	164	184	171	184	200	205	168	135	159	160	161	170	178	198	185	150	148	152	174	169	158	155	155	141	130	137	140	159	162	144	144	117	141	149	165	180	199	227	217	175	175	201	178	168	216	176	135	153	153	172	153	208	161	131	160	150	126	109	123	95	101	179	177	126	142	175	243	184	129	249	254	27	124	193	132	217	9	25	0	3	240	255	83	46	255	161	114	133	150	185	184	170	55	127	235	230	168	198	143	131	139	160	215	141	158	238	43
188	143	160	134	144	178	131	128	152	142	167	179	151	148	167	164	181	174	168	161	155	143	161	192	170	166	148	144	146	144	175	138	159	166	172	196	196	170	164	156	165	156	149	156	161	144	135	148	164	171	171	182	187	151	143	140	124	156	177	173	165	171	175	166	152	130	168	187	159	126	146	157	162	202	156	112	138	144	129	129	142	90	110	171	141	196	167	207	255	154	219	255	136	68	240	255	253	255	174	189	5	16	247	251	73	58	255	255	205	119	111	181	183	173	113	169	228	101	74	142	102	112	0	9	196	125	27	43	24
142	159	198	173	161	163	139	174	167	154	148	158	160	148	150	170	186	176	173	164	149	157	165	157	142	147	185	186	173	156	161	117	150	159	163	188	198	188	186	173	159	152	142	149	163	162	156	163	174	163	138	163	175	166	163	171	151	152	137	95	98	164	190	159	155	116	130	165	150	112	160	166	122	153	157	133	140	150	156	192	155	149	164	131	162	228	126	85	210	113	255	255	180	250	134	237	235	255	238	234	255	240	134	16	0	0	178	255	246	186	200	244	174	124	103	161	208	121	110	150	145	195	123	132	197	157	0	3	67
151	175	184	176	184	170	145	166	151	185	150	134	166	127	110	195	171	133	137	161	142	141	168	186	158	148	149	140	203	185	140	161	137	153	158	175	180	175	181	173	171	163	142	134	148	154	144	137	155	188	166	166	170	197	183	155	192	141	130	139	150	178	181	156	178	149	142	86	68	111	181	172	140	187	163	118	147	115	76	171	178	209	189	136	131	165	74	0	134	30	74	108	137	135	147	255	251	55	254	255	255	255	133	7	5	74	191	182	126	156	221	191	146	102	157	255	242	173	133	168	112	128	255	255	144	229	3	0	253
143	159	155	160	166	171	179	164	152	171	178	135	148	137	140	169	158	123	127	156	154	145	152	158	133	154	154	153	167	164	150	151	137	159	176	166	149	155	164	157	143	155	162	158	151	152	157	160	155	175	166	191	174	164	164	186	167	74	125	145	160	166	143	131	206	163	172	167	108	127	151	183	171	227	135	159	140	111	151	226	235	175	174	41	123	147	121	164	245	229	68	69	106	139	234	254	255	70	27	255	233	186	180	255	255	69	164	161	84	116	111	202	185	178	97	200	168	116	155	150	100	103	235	223	164	219	52	0	192
159	157	145	160	171	167	168	154	134	160	167	158	171	173	139	145	184	164	162	172	161	144	146	155	182	171	142	137	167	178	160	149	171	149	181	195	155	156	174	147	170	156	141	139	154	176	192	199	176	193	168	161	125	119	146	188	154	101	127	113	129	173	160	155	194	175	194	179	115	146	178	195	184	149	118	158	189	190	195	188	196	126	158	111	124	157	81	97	213	170	77	184	4	68	244	234	250	69	21	122	220	225	214	213	117	24	89	169	202	190	139	179	143	130	71	32	95	159	133	181	148	91	73	134	164	146	142	134	119
172	157	141	163	177	166	162	151	130	167	173	170	161	179	148	162	186	181	170	167	166	153	144	150	112	150	173	169	156	142	142	158	155	147	152	171	173	149	137	147	163	145	128	130	145	162	174	179	153	179	163	153	123	116	140	171	211	149	129	123	150	185	150	166	170	149	169	168	107	130	152	151	133	99	112	118	196	182	144	146	143	108	170	197	142	155	120	109	122	117	255	238	142	189	254	238	189	78	180	212	215	136	4	5	145	249	218	174	196	236	233	131	114	146	163	20	30	82	32	104	133	137	146	74	21	40	173	249	255
169	163	150	166	175	167	168	158	147	173	178	163	153	173	161	177	174	177	159	151	168	168	150	146	114	140	162	167	161	154	157	168	145	157	149	163	189	162	138	167	162	162	163	161	156	153	157	165	133	160	158	166	165	157	158	156	225	179	138	132	150	168	122	157	179	139	151	184	146	151	157	148	158	154	179	157	201	166	137	164	100	91	114	146	112	137	188	147	135	255	234	255	171	255	248	129	56	57	109	0	28	0	5	122	255	246	248	136	129	223	206	211	135	193	255	199	110	58	39	43	169	209	174	205	161	144	255	210	143
156	170	166	167	165	164	174	164	160	158	169	153	174	181	168	158	169	184	172	157	170	175	162	158	139	143	156	170	174	171	163	154	163	154	170	184	170	165	169	159	162	175	186	182	171	164	165	169	148	163	158	164	180	173	173	161	121	162	180	172	162	169	123	141	187	161	160	190	168	177	183	174	184	161	183	206	193	187	204	180	72	117	136	111	53	97	108	79	149	154	163	26	4	220	255	181	0	22	108	173	61	43	65	30	244	255	227	134	153	232	211	158	229	220	198	234	174	119	140	93	160	133	110	219	255	255	190	134	37
148	172	170	166	159	160	175	167	161	147	167	152	173	169	168	162	161	185	189	174	169	174	177	179	134	151	183	194	174	160	163	164	162	168	178	176	162	158	156	146	147	167	182	182	178	173	158	139	147	158	155	157	173	159	168	165	87	121	168	185	171	162	145	167	170	189	164	147	117	134	142	130	161	156	143	185	164	156	164	125	113	158	170	107	39	150	73	84	228	229	255	116	49	80	47	124	0	0	169	226	42	51	10	0	152	203	238	199	227	224	140	171	255	246	175	197	202	182	199	188	225	118	50	82	165	209	117	249	253
151	163	160	166	167	165	178	174	169	153	167	165	161	160	162	175	163	175	186	178	168	176	184	177	181	171	181	187	175	176	187	186	152	171	173	171	178	167	153	158	152	177	188	178	175	178	160	131	146	152	155	161	183	157	166	163	129	98	132	158	145	131	161	195	158	204	162	124	99	108	105	95	161	178	156	178	162	134	120	95	119	142	144	125	104	189	53	6	45	153	131	0	0	12	47	132	16	7	255	129	12	176	254	247	107	217	248	218	193	157	147	170	165	230	218	200	222	199	225	255	255	51	99	77	200	231	52	204	50
156	153	146	168	180	174	184	184	185	157	156	182	173	180	154	158	184	174	176	175	169	181	180	154	166	165	189	202	181	167	166	157	140	119	154	182	159	165	179	151	163	186	185	155	145	164	170	156	175	166	161	169	198	170	174	167	98	103	187	209	178	151	174	160	144	190	145	131	133	132	116	115	116	99	136	177	156	163	184	134	133	167	151	143	154	223	255	255	172	44	0	3	11	0	176	203	191	255	253	164	41	255	244	255	91	151	212	109	65	161	171	146	111	173	158	99	119	107	208	255	245	163	188	100	167	162	134	68	0
131	167	157	165	164	183	184	190	205	163	176	109	106	167	136	142	195	131	144	169	143	163	184	135	159	190	168	213	182	171	198	145	130	168	186	166	160	171	167	158	152	178	151	141	167	175	175	173	158	126	137	154	147	168	192	175	130	171	184	178	165	165	181	174	171	145	114	142	158	122	96	186	135	152	187	150	139	156	165	133	153	178	146	178	255	233	249	255	253	234	155	0	18	99	255	247	255	190	0	6	0	95	243	45	101	135	198	59	93	96	120	135	77	129	76	71	100	217	195	196	244	217	255	134	110	47	2	0	46
172	179	153	153	173	162	134	163	169	154	184	148	155	179	152	162	195	194	170	163	181	174	159	171	167	174	158	207	207	189	199	163	171	163	181	165	139	147	137	115	157	171	153	155	173	173	174	172	146	129	145	168	167	176	186	175	163	195	196	181	161	158	174	168	169	165	151	172	180	148	106	165	189	166	182	150	145	148	144	135	193	149	116	142	197	141	224	255	250	255	255	146	137	255	253	254	61	40	21	51	8	6	204	141	138	254	174	84	173	136	84	182	134	142	133	141	161	220	157	108	204	99	214	168	117	140	61	13	14
183	189	168	130	175	181	138	155	181	160	161	156	207	204	175	161	166	205	184	173	209	183	145	176	219	172	126	144	183	175	183	180	164	157	159	192	164	144	171	129	133	154	162	176	174	161	173	177	169	155	156	172	179	171	160	153	149	176	175	165	153	155	171	163	156	168	160	171	188	187	139	155	145	122	156	140	160	167	139	134	232	182	146	142	174	177	112	179	22	235	239	176	187	146	253	255	253	211	146	239	255	207	160	214	209	255	151	201	225	149	67	216	200	132	196	233	190	250	255	156	164	155	204	93	87	255	211	192	243
132	141	168	116	126	131	125	165	153	130	87	87	163	160	154	130	133	156	173	175	166	156	163	185	180	160	155	158	202	180	169	185	156	145	158	181	166	154	171	174	145	157	159	163	151	148	165	157	148	138	125	140	168	169	160	169	157	175	167	160	154	150	152	134	136	169	170	156	158	190	166	167	172	160	175	123	146	174	152	156	225	185	180	213	216	168	0	13	12	18	117	107	158	128	218	185	226	255	254	236	254	250	147	214	245	234	228	237	214	178	179	209	197	108	155	238	182	199	231	127	139	120	91	106	175	220	166	255	255
222	112	116	129	161	158	135	136	170	183	133	112	142	127	150	144	125	139	190	220	194	178	189	190	111	146	184	167	177	138	118	145	150	152	197	147	116	117	101	187	172	172	148	133	131	146	156	126	128	133	123	127	151	153	153	176	175	181	165	162	163	162	159	135	127	179	195	158	125	162	159	157	187	193	195	129	146	165	151	170	137	150	168	178	171	116	141	43	204	255	12	22	222	168	97	3	25	171	0	255	255	46	62	243	255	255	255	181	190	155	241	169	81	208	191	164	99	105	142	108	198	134	88	102	167	217	192	208	193
254	156	163	176	161	160	162	152	158	196	165	162	157	141	160	157	154	141	152	194	221	199	167	158	148	172	174	150	162	153	139	155	156	180	140	136	169	153	126	114	131	164	161	147	146	158	165	141	148	169	169	162	166	158	150	160	172	171	149	147	154	159	164	145	137	168	182	154	123	160	142	111	128	158	162	129	160	154	151	181	199	155	95	77	154	207	201	120	252	109	0	140	125	0	85	150	192	46	13	85	102	13	18	202	187	208	154	154	132	165	244	152	151	178	112	190	180	84	98	181	254	178	170	135	95	68	31	51	0
218	167	149	149	130	153	155	122	133	158	146	196	196	199	194	183	230	178	139	161	194	185	175	196	140	140	111	121	155	176	161	152	171	191	111	150	227	222	182	59	134	177	175	167	172	171	172	165	136	154	162	173	200	210	185	159	178	179	157	149	147	146	153	139	155	156	160	145	123	162	140	99	125	172	148	117	160	156	170	192	229	188	159	112	149	200	55	185	230	0	5	126	207	102	190	203	51	200	123	204	179	56	51	74	248	255	231	191	120	206	199	102	123	147	151	196	178	103	115	172	145	158	160	153	127	113	156	243	192
202	181	151	163	134	136	145	150	154	159	146	215	198	197	172	161	177	142	150	169	135	106	136	180	163	154	103	115	128	149	150	149	133	191	255	194	140	162	133	132	230	224	168	149	176	177	165	155	117	114	117	149	211	243	201	136	169	180	172	172	170	169	181	173	167	168	176	152	106	140	145	132	100	186	161	130	184	182	184	162	161	176	182	55	122	255	151	252	200	0	80	149	255	254	251	1	0	253	204	255	246	153	151	183	255	199	253	103	128	115	70	81	78	199	220	103	118	160	171	167	170	196	121	156	141	133	221	254	222
150	170	137	137	170	147	132	152	158	145	145	177	193	156	136	163	152	150	148	142	116	89	111	164	165	185	139	106	155	147	157	165	74	156	255	175	94	143	139	102	151	170	134	129	151	150	168	183	169	165	139	185	186	153	154	108	150	181	160	155	128	141	166	160	169	173	166	160	142	188	127	131	123	153	132	133	147	189	194	173	186	179	58	35	216	249	227	255	213	21	171	141	247	255	143	0	88	249	127	36	93	93	181	40	0	78	120	50	200	252	136	16	38	95	108	54	122	207	160	81	112	144	104	125	73	95	154	194	118
137	136	156	169	186	162	172	147	140	158	169	174	178	171	157	149	185	171	162	159	150	143	154	170	149	146	142	129	162	182	145	173	119	155	237	221	171	178	154	118	117	150	147	157	173	178	198	205	194	151	120	153	150	133	133	82	163	156	161	156	118	154	175	170	155	164	155	131	135	196	154	144	170	141	147	142	157	207	194	183	151	53	106	255	237	255	77	5	172	159	184	35	136	255	111	5	0	217	151	108	169	168	137	11	86	216	152	151	255	255	98	0	26	26	124	147	163	187	133	102	110	102	94	91	7	53	123	95	119
165	155	177	165	150	103	156	175	172	189	199	187	180	191	182	151	156	143	138	137	149	185	197	171	195	172	159	171	181	197	139	142	196	173	179	171	140	143	161	156	182	142	142	190	172	118	149	212	161	132	131	131	125	143	161	131	147	133	185	194	144	177	182	180	148	167	176	134	126	161	155	168	187	139	180	156	164	209	163	151	69	54	177	216	255	251	108	0	152	152	63	0	13	224	220	0	3	82	197	216	201	232	169	92	233	232	173	198	255	117	35	60	119	184	41	118	151	172	145	163	239	149	133	142	79	68	99	82	118
172	152	127	141	174	127	136	176	188	174	176	177	167	171	172	154	147	143	156	159	156	181	181	137	153	165	137	171	171	166	175	148	182	178	167	162	130	125	160	150	130	131	139	126	93	108	157	173	127	155	185	130	108	124	142	151	147	144	174	177	127	145	162	185	195	178	185	172	199	194	168	160	144	125	157	114	132	180	147	151	203	235	115	124	255	246	249	255	252	55	33	46	73	57	130	255	253	99	109	194	217	173	166	115	102	79	123	169	198	183	111	155	137	138	0	0	97	125	143	143	254	177	108	94	180	227	233	236	212
169	166	128	154	169	164	152	169	160	148	160	168	152	150	165	169	165	154	191	225	201	174	173	167	131	168	165	165	152	132	179	148	125	151	163	181	158	136	158	139	142	175	198	149	106	149	181	149	155	197	228	168	165	144	136	182	159	181	163	171	148	133	135	151	160	154	173	167	200	182	159	141	130	144	132	111	141	151	111	114	160	141	0	209	255	255	254	147	89	0	134	237	29	0	33	255	240	132	190	163	137	193	200	177	140	145	196	94	95	165	125	116	119	173	61	78	171	126	132	195	255	200	107	78	201	221	188	200	193
167	187	179	184	126	166	178	143	135	158	181	174	151	149	166	175	163	129	158	213	193	150	176	232	163	171	189	163	172	173	176	140	143	142	140	166	157	135	159	165	202	168	192	203	163	137	142	161	154	151	168	155	196	151	132	190	159	188	152	179	192	167	136	122	137	168	179	133	136	142	165	166	198	204	141	151	173	162	113	97	139	27	0	217	182	234	252	8	33	135	136	91	255	200	1	4	98	255	200	139	167	204	197	255	253	254	234	77	136	158	170	128	121	255	137	211	227	153	125	238	253	209	160	140	161	112	110	150	117
148	157	155	170	151	202	196	116	135	163	173	162	153	151	153	160	156	132	132	152	147	132	157	204	136	137	138	154	196	219	208	170	171	158	157	177	172	149	159	176	173	152	187	207	204	210	209	220	195	156	162	157	186	139	148	184	169	163	128	140	156	170	146	134	200	212	185	138	151	180	197	181	223	218	144	153	149	203	183	141	231	120	109	244	119	133	121	28	89	9	10	56	231	188	55	122	251	191	122	138	169	189	137	229	255	249	119	29	68	190	219	162	155	188	236	237	221	181	172	220	230	235	188	134	108	101	150	163	198
158	162	131	123	147	174	185	166	159	161	149	152	172	169	158	166	132	153	149	133	145	168	166	153	154	189	138	185	194	182	196	161	161	162	171	173	162	151	155	172	154	161	200	205	215	239	216	195	210	174	186	155	140	110	162	174	171	146	148	148	140	173	146	135	166	187	175	157	157	160	161	150	156	189	167	173	132	229	197	97	255	240	254	255	155	44	0	7	1	2	0	114	127	1	53	178	144	83	140	182	153	179	228	246	255	250	228	153	106	150	210	167	171	190	204	222	206	150	177	225	201	186	119	133	162	141	150	143	254
170	142	130	134	152	168	171	181	196	185	156	136	143	154	164	176	148	145	119	89	148	197	197	151	157	174	166	181	158	136	169	153	153	151	168	167	152	135	126	141	150	162	159	146	194	210	151	140	179	148	141	173	135	124	174	136	142	151	149	145	142	175	157	169	145	167	165	184	194	102	108	163	186	169	196	196	163	255	245	169	168	83	85	244	56	1	2	0	73	18	0	186	249	44	96	180	105	100	155	232	196	123	177	251	210	185	255	255	143	255	246	251	160	150	231	237	170	136	203	220	138	124	169	144	164	225	216	122	144
182	157	158	177	180	167	174	205	198	247	222	147	132	158	151	122	130	159	169	146	188	223	224	182	123	156	148	160	173	163	171	164	135	119	133	166	164	149	161	176	147	156	157	155	172	172	166	196	167	154	150	166	147	156	186	143	137	153	121	145	172	159	154	164	151	139	193	217	177	135	150	170	196	149	135	86	112	228	228	149	39	34	72	214	43	122	67	6	66	1	171	0	128	250	167	177	139	144	107	133	163	129	139	177	150	130	181	135	120	158	201	232	81	145	219	190	150	169	204	191	167	187	182	147	180	168	136	131	29
171	164	171	184	170	147	163	199	199	220	180	128	141	168	169	168	194	152	155	178	192	146	143	163	138	162	139	130	164	169	158	172	149	127	136	186	168	135	165	173	139	140	128	131	130	130	156	177	193	182	161	139	136	159	158	117	109	156	184	167	158	154	174	183	192	123	156	184	155	177	167	146	149	168	166	54	7	57	86	78	31	227	255	249	23	0	253	253	8	0	201	144	253	255	161	106	159	194	134	121	174	229	244	197	226	204	39	104	127	61	125	122	89	201	234	176	119	141	149	136	129	112	138	177	176	138	147	147	94
148	162	160	151	133	125	146	159	170	166	142	144	167	153	143	175	173	131	137	156	166	133	148	174	136	136	123	115	142	152	142	166	174	160	162	199	151	102	142	136	141	154	144	146	137	147	183	167	132	169	190	165	155	162	156	162	140	136	235	194	168	186	162	154	150	124	151	192	170	172	139	125	110	119	143	121	56	38	112	252	179	249	255	49	0	1	210	196	165	0	68	254	255	249	254	156	182	243	172	154	211	238	186	113	180	160	65	87	48	158	183	130	221	179	92	144	159	159	152	152	168	168	163	211	235	193	189	195	156
175	189	175	170	160	153	168	162	149	171	168	156	151	134	135	169	158	122	141	167	173	141	160	180	153	133	143	154	151	146	141	151	173	165	156	175	132	106	150	130	133	154	162	170	148	150	187	171	133	145	146	145	170	176	166	192	169	150	229	204	185	154	109	151	158	123	106	153	139	149	170	168	131	106	118	128	131	109	142	214	201	198	193	21	130	248	200	102	3	113	175	255	246	255	255	125	151	228	135	143	255	208	62	68	87	46	136	103	81	202	140	0	140	65	0	124	110	55	109	193	178	170	155	156	133	152	168	98	128
197	196	177	199	200	175	183	174	172	179	177	168	159	156	168	189	188	125	126	159	183	163	170	165	169	143	146	166	160	156	167	164	165	156	141	146	132	143	180	157	169	156	161	178	160	142	154	150	185	164	132	150	184	164	143	163	165	214	193	154	160	122	129	204	175	117	105	167	158	174	217	180	128	109	134	127	141	121	142	135	149	227	181	166	242	251	214	118	68	236	253	255	255	78	130	176	147	213	164	171	255	255	163	203	250	176	175	118	183	207	77	6	112	146	122	139	54	48	144	241	161	122	158	155	64	142	188	45	97
166	170	148	174	180	159	171	156	178	164	177	199	192	176	167	157	140	137	139	115	154	225	250	183	132	128	98	118	150	165	184	170	162	160	156	148	142	157	176	170	187	165	175	185	178	167	155	160	147	180	192	229	217	144	138	174	182	225	161	124	146	179	203	216	207	166	151	137	120	134	188	197	230	161	148	201	152	149	195	247	251	198	95	91	138	172	229	255	255	252	255	251	255	169	146	102	157	164	174	167	163	217	160	175	189	158	200	148	168	213	109	178	249	253	182	90	101	209	189	182	164	114	142	181	142	172	165	108	142
152	175	150	157	163	164	187	160	149	148	169	173	154	165	177	157	126	151	176	133	127	175	218	176	136	158	98	106	161	168	162	127	151	164	181	164	144	143	147	162	96	114	156	151	144	157	154	174	160	177	162	205	203	139	150	178	181	176	196	188	146	202	223	216	191	171	131	62	92	89	65	88	250	195	115	202	131	255	255	247	255	255	249	249	135	135	156	222	243	255	171	211	246	255	194	174	179	133	158	190	183	193	89	120	103	33	129	220	105	65	198	247	255	248	223	139	191	255	101	85	173	12	62	190	148	143	146	138	186
167	163	161	144	171	166	169	160	158	165	169	162	120	157	164	133	153	176	181	164	179	188	162	156	150	152	119	141	152	144	175	166	143	155	162	145	130	170	149	133	88	23	136	155	137	158	161	156	150	154	159	169	195	162	104	122	222	223	192	236	178	181	205	201	183	137	86	113	166	101	0	65	169	134	62	107	246	255	253	206	255	255	250	252	255	255	174	152	249	255	244	249	255	238	136	179	193	210	235	156	166	223	122	49	183	145	115	214	107	98	144	222	246	206	166	200	243	255	165	166	226	75	56	209	144	113	120	172	192
143	159	173	156	165	151	159	162	159	187	177	151	117	146	154	153	172	192	171	145	156	169	163	149	161	175	169	163	169	180	180	157	153	158	154	127	124	171	154	165	149	103	141	152	147	135	142	140	165	188	161	161	167	139	129	122	154	210	173	211	206	175	154	135	139	140	138	191	196	117	102	193	153	97	65	196	252	255	199	255	237	247	255	255	222	166	171	245	255	255	255	251	254	194	115	141	162	195	164	183	137	129	124	27	156	255	200	166	214	198	151	100	252	173	229	249	147	178	189	175	200	142	179	173	70	68	105	140	186
137	142	148	148	172	164	154	142	181	169	119	112	149	179	138	103	127	166	146	120	109	113	144	143	163	194	209	163	142	166	165	159	175	169	153	125	135	172	145	184	199	180	149	153	156	125	164	189	143	169	171	154	145	146	140	122	146	162	162	218	193	130	147	146	119	208	235	205	172	133	149	199	55	14	125	132	242	214	166	119	221	241	255	204	128	7	134	255	237	124	65	130	174	102	166	199	130	92	92	166	115	72	62	109	131	186	162	131	249	244	100	183	255	219	181	162	170	149	145	241	246	218	195	111	87	123	110	179	247
148	141	135	146	179	182	162	145	172	153	129	139	160	157	117	86	105	148	137	142	130	117	159	160	167	191	195	165	149	164	175	175	152	152	160	177	203	206	144	174	167	186	182	201	191	144	170	205	120	113	172	130	113	151	106	103	134	109	139	177	172	142	190	222	193	173	157	167	192	134	95	148	0	42	125	84	188	249	146	20	0	13	74	255	250	82	163	252	134	110	7	3	0	107	185	144	136	130	169	149	132	115	38	136	162	188	203	148	245	253	50	85	182	191	129	134	225	186	155	189	177	167	143	135	159	229	168	216	236
155	166	166	167	168	169	169	184	186	159	173	185	159	133	131	120	123	130	114	151	160	139	155	134	149	145	120	153	177	172	185	164	160	138	126	156	178	175	128	143	170	178	195	199	170	139	139	178	169	141	193	159	143	181	139	135	127	131	140	105	168	187	175	206	180	102	61	143	171	130	150	172	155	126	142	255	255	255	126	39	41	5	255	253	251	107	100	221	82	0	0	5	197	208	205	175	162	175	167	139	157	127	142	210	255	239	222	181	220	80	17	94	149	177	122	106	163	158	182	132	92	122	190	194	120	175	171	147	131
165	180	174	170	152	154	162	193	208	157	165	175	162	154	174	159	165	155	147	180	182	158	158	135	134	127	92	133	152	133	162	154	135	108	78	112	126	158	168	149	196	181	181	157	133	132	107	153	144	143	156	169	172	185	183	150	168	157	163	117	155	171	149	168	138	135	83	138	106	159	255	161	120	24	94	149	0	63	178	114	255	243	234	255	176	190	122	103	52	71	0	106	255	194	124	174	177	123	124	146	161	124	208	255	235	255	236	133	97	60	66	203	206	198	130	112	157	129	121	82	64	116	211	189	145	128	132	135	100
172	170	147	151	145	155	151	170	184	171	180	163	160	163	195	194	156	154	169	181	170	162	158	140	156	171	159	149	125	112	146	163	162	167	144	166	132	155	169	61	133	170	177	167	172	157	88	127	129	145	141	162	181	194	204	164	182	160	159	154	150	142	157	165	174	163	103	149	125	199	231	126	152	0	4	132	13	125	250	239	254	131	4	126	96	104	116	124	197	198	42	133	239	169	130	139	166	131	183	176	169	166	168	157	173	204	232	176	117	200	96	166	223	161	193	211	199	162	93	37	68	114	168	173	255	211	115	198	174
166	160	133	143	142	156	146	161	187	203	199	162	184	188	194	181	162	160	185	191	194	213	197	163	165	197	213	168	128	129	136	147	146	175	155	166	114	163	208	55	71	166	171	172	200	170	89	138	155	149	145	120	135	176	168	151	173	212	149	137	166	139	128	113	133	159	153	156	141	205	136	153	246	255	206	175	159	255	235	249	172	67	0	134	96	0	136	222	247	195	168	135	149	190	144	130	136	121	142	168	185	171	149	172	144	136	193	195	153	220	172	166	213	193	244	167	136	177	133	165	199	202	188	170	255	229	67	178	255
148	143	151	175	193	146	146	154	166	178	158	150	179	180	156	153	181	157	168	204	189	210	200	163	139	147	182	165	141	128	99	110	147	150	148	154	146	178	161	118	137	147	175	162	171	154	144	150	159	165	153	165	150	174	180	150	172	167	161	174	196	148	140	146	150	165	163	149	145	190	118	215	254	212	153	133	81	166	255	177	93	22	73	198	184	195	170	153	146	176	157	148	136	165	176	161	192	155	128	138	125	146	151	149	184	231	241	161	138	215	200	199	255	248	225	175	148	77	153	255	145	255	247	205	193	126	100	161	227
