155	157	151	148	151	147	147	159	166	159	153	158	172	177	156	128	154	164	145	152	120	187	207	211	178	175	198	185	208	147	153	174	166	162	133	141	123	168	145	151	138	135	211	185	209	148	0	4	5	37	246	133	132	76	7	139	190	252	254	99	226	193	84	46	138	147	144	183	127	130	166	226	235	235	255	253	255	242	163	133	195	170	103	82	106	131	108	182	144	70	121	189	230	153	131	155	231	255	238	255	248	255	231	255	151	139	185	224	194	237	247	197	179	179	174	204	154	108	169	167	118	161	196	115	133	189	174	164	79
160	161	154	152	156	153	153	166	151	156	168	168	156	154	156	151	167	168	155	165	157	206	202	178	181	181	176	151	184	166	146	116	124	120	88	97	171	156	120	122	156	188	188	254	253	248	118	0	204	89	186	130	68	138	88	255	225	95	144	188	162	149	68	134	201	171	175	151	89	156	149	141	179	176	196	149	165	142	80	161	239	210	157	58	147	161	75	62	0	83	159	149	154	208	251	73	48	233	255	196	133	70	17	53	0	2	82	192	124	171	162	61	64	193	86	170	187	203	64	54	127	106	157	189	191	188	199	154	33
148	152	148	149	156	156	161	176	159	158	172	167	136	132	152	160	142	142	144	154	175	212	211	179	164	167	153	147	183	199	167	121	169	135	102	110	171	162	176	139	140	171	177	226	210	255	199	143	213	27	78	174	252	161	24	255	249	11	1	152	123	193	108	100	181	120	95	131	135	142	101	135	150	97	94	55	161	204	139	171	142	113	184	96	116	213	93	77	30	95	148	155	222	255	246	79	99	255	50	0	16	0	14	34	87	0	255	246	175	85	49	12	19	210	106	158	152	222	117	151	164	0	37	101	139	183	167	101	38
141	149	148	149	153	152	159	177	179	159	160	160	140	144	165	166	142	147	157	147	171	189	204	186	155	157	153	177	181	183	152	138	165	158	117	119	123	162	221	186	183	143	126	112	149	145	83	96	0	0	4	227	245	218	146	75	233	123	80	165	159	154	111	104	162	112	47	165	213	148	136	180	185	142	109	73	173	231	221	145	124	30	0	144	182	125	140	180	88	126	129	53	153	230	243	69	63	183	0	9	9	34	94	140	126	237	248	255	255	9	8	23	238	255	221	168	219	209	230	201	144	211	171	139	111	56	145	198	56
147	156	156	156	157	152	154	170	171	154	155	165	166	174	182	174	162	170	179	150	163	154	159	142	130	141	153	190	169	163	142	148	114	158	116	102	112	119	160	168	212	163	127	128	212	188	174	144	6	0	85	189	68	81	146	121	195	255	252	189	165	130	118	156	125	138	0	83	248	207	136	147	160	172	89	90	172	165	231	170	79	181	136	164	241	148	243	255	114	53	103	81	162	212	255	114	146	193	2	123	191	117	107	193	207	181	172	235	228	5	36	125	255	172	53	140	118	206	199	185	210	253	234	158	128	147	213	209	108
141	146	148	156	168	165	160	167	149	158	165	171	179	177	165	156	154	168	180	166	189	175	160	136	130	151	166	187	167	179	169	161	160	159	162	158	166	135	183	188	169	133	153	136	151	189	168	97	0	34	216	207	147	88	134	243	255	255	255	168	142	189	130	151	165	68	72	177	182	169	176	114	203	242	99	124	193	67	104	128	78	100	103	122	247	255	252	251	157	90	225	128	128	176	132	74	163	224	255	240	81	255	249	240	254	226	255	255	69	114	255	248	221	66	35	148	66	154	234	208	255	144	157	30	55	208	174	150	131
141	138	136	155	184	187	170	161	146	174	172	163	176	167	139	130	147	168	178	177	205	202	186	172	169	179	185	179	157	174	174	154	144	104	134	157	139	140	192	190	188	143	171	150	149	200	157	90	11	28	103	230	177	158	255	255	255	146	196	224	154	177	110	151	194	154	173	242	191	130	180	183	145	208	108	117	160	29	23	112	78	41	41	107	169	211	242	237	193	149	255	168	96	137	98	174	252	247	248	255	43	74	140	255	245	255	233	124	137	164	255	248	245	154	182	251	103	149	199	132	230	255	213	128	244	252	103	77	113
163	149	139	162	199	201	171	149	156	187	168	149	175	172	137	128	149	171	166	153	161	160	152	157	159	157	163	156	138	153	172	165	139	146	136	155	125	157	147	178	223	204	138	141	174	159	238	245	122	95	249	242	152	184	255	187	64	14	150	251	159	165	141	140	143	201	41	49	183	184	184	132	145	189	144	134	189	165	137	197	63	115	252	144	125	125	142	196	244	183	144	214	128	138	173	126	128	232	186	12	47	62	107	12	9	249	208	82	42	0	0	197	151	191	249	213	157	144	180	146	181	216	185	124	234	253	134	98	170
139	158	166	167	173	169	158	154	164	168	161	139	167	181	141	142	167	160	160	163	153	137	138	152	139	132	152	148	136	116	148	146	145	148	169	171	161	191	213	189	173	208	140	158	145	126	122	137	255	255	252	186	219	194	225	245	116	140	122	99	143	158	139	183	155	125	98	87	79	240	255	133	160	159	97	128	134	188	199	173	121	157	66	138	220	112	46	118	200	242	167	75	133	255	192	96	63	42	118	47	31	172	130	9	5	50	172	73	2	10	0	5	31	247	247	57	181	82	118	186	221	211	158	97	150	255	255	205	208
140	152	157	160	165	159	154	162	144	140	137	127	155	175	150	153	174	146	143	169	174	147	131	138	160	137	145	164	172	162	162	142	100	131	161	146	132	175	203	175	178	145	198	209	171	135	138	255	243	255	160	110	244	138	200	165	151	210	68	120	170	157	155	149	148	123	165	246	95	130	255	124	81	100	67	211	173	162	197	192	184	194	95	66	123	129	143	136	162	167	37	54	117	223	237	215	255	159	171	190	143	106	150	187	247	111	255	89	4	255	251	240	198	242	132	90	88	67	81	104	202	179	248	200	234	196	227	188	206
154	166	173	178	177	158	139	140	143	150	167	159	149	147	140	151	165	161	167	171	153	131	140	167	135	120	130	169	179	186	179	174	157	168	170	140	125	168	201	184	223	177	234	245	209	81	205	9	79	255	172	145	233	217	112	240	240	95	160	189	151	153	161	169	117	162	169	193	40	41	219	114	96	179	147	181	215	168	180	172	135	153	215	95	3	178	228	207	103	160	124	163	85	81	83	157	174	160	227	241	178	54	147	169	255	232	255	255	231	243	255	249	153	177	255	232	255	164	162	178	236	181	198	195	175	149	171	194	243
153	167	171	170	174	163	141	128	140	143	161	162	145	139	147	158	173	178	170	152	149	160	164	158	131	133	144	161	132	132	129	159	153	142	145	156	164	179	180	160	172	197	181	193	204	108	144	5	8	241	251	255	120	127	79	255	255	190	244	182	153	139	170	173	130	145	111	115	105	103	155	124	141	195	188	150	162	61	35	144	155	90	175	131	118	247	180	52	7	165	245	133	25	123	39	10	131	42	103	93	67	84	26	72	251	178	133	255	203	213	131	226	255	46	129	0	0	255	253	255	231	209	135	163	149	182	128	175	254
155	166	157	145	164	184	176	160	174	152	139	148	157	164	168	158	157	174	176	160	155	164	162	148	164	166	170	166	130	129	116	153	149	135	136	153	170	175	165	147	153	184	203	167	217	175	183	137	78	253	140	255	255	133	246	164	109	139	140	184	196	184	177	151	177	166	148	139	176	224	203	134	165	171	167	213	162	125	60	142	112	102	130	153	169	118	180	136	158	137	211	170	167	239	147	150	117	183	220	69	32	255	0	8	254	146	165	123	0	118	252	107	242	36	0	0	8	213	255	155	122	154	108	116	201	201	124	168	217
157	167	155	143	160	176	162	141	162	163	151	162	172	167	163	147	148	162	174	168	145	132	146	169	172	159	159	152	161	177	145	157	182	186	176	159	161	177	184	180	211	169	239	194	186	149	246	0	0	213	185	244	201	174	255	254	255	102	140	188	156	173	180	163	165	230	222	161	135	188	189	117	217	254	216	225	216	220	143	72	76	87	98	145	33	73	227	248	247	189	208	197	238	250	180	97	68	255	255	161	170	214	134	247	255	71	119	255	82	29	246	189	166	57	0	251	255	43	147	143	91	102	68	74	174	158	99	146	90
151	157	154	154	160	147	122	107	110	155	160	165	165	149	153	155	169	157	149	150	149	146	151	161	167	148	149	122	154	172	135	131	157	176	182	172	167	169	175	182	188	139	171	167	94	117	130	64	54	251	250	255	0	86	241	255	248	184	174	181	188	149	150	116	141	196	194	176	137	137	113	112	171	213	255	238	245	212	207	179	155	117	155	228	78	190	200	153	216	201	197	189	209	189	165	37	91	214	174	191	248	92	201	255	255	15	148	228	247	186	233	255	255	89	165	255	255	0	155	255	190	135	102	127	125	135	117	146	90
167	164	164	176	181	159	143	151	155	200	180	163	161	145	153	160	142	166	179	166	148	147	155	160	168	161	173	125	154	170	149	156	180	171	158	151	141	123	129	160	158	158	151	123	96	127	123	241	254	179	255	156	0	129	146	170	175	199	154	236	249	180	106	130	167	145	142	142	149	237	177	135	124	109	243	243	158	172	187	191	148	102	136	229	229	200	133	74	161	146	162	167	129	92	187	214	169	163	166	201	213	164	255	250	255	244	192	200	187	236	255	0	0	246	255	224	45	13	130	254	255	149	158	166	102	146	235	254	219
202	163	139	152	162	151	147	158	174	193	155	151	143	127	162	166	144	155	159	161	163	150	138	140	148	162	162	170	153	160	156	165	167	163	156	148	160	184	139	174	169	172	180	111	130	131	134	163	162	0	44	234	247	218	0	20	171	105	153	218	220	193	141	133	147	144	165	181	166	201	224	170	186	104	203	209	171	165	164	196	177	162	187	184	191	142	53	89	165	109	97	81	123	149	182	242	169	133	198	181	183	250	178	207	245	255	253	254	255	240	255	8	0	139	123	15	104	0	95	218	100	6	153	185	168	255	255	218	192
142	137	142	169	188	174	158	165	169	168	145	154	152	142	160	152	147	151	151	156	165	156	143	142	164	174	172	181	164	167	155	156	150	150	153	145	177	200	145	145	153	151	182	209	148	125	72	141	0	35	236	186	245	178	17	38	190	163	188	165	177	184	130	110	137	143	142	156	156	186	251	200	203	255	247	183	163	148	136	208	207	255	216	204	214	145	43	102	210	159	155	76	171	237	140	120	17	110	208	213	164	208	141	195	254	238	255	152	253	255	255	165	67	94	67	86	191	72	49	134	139	214	111	145	177	204	165	122	152
144	161	169	182	191	166	137	138	145	127	131	148	144	144	156	154	160	157	152	160	176	171	157	155	177	181	177	190	178	181	162	158	150	160	169	134	156	174	152	155	146	141	201	216	180	168	140	145	8	4	255	133	110	34	43	151	166	185	134	89	170	170	143	124	127	162	177	190	185	174	255	225	173	255	199	148	148	188	168	110	145	172	220	212	142	148	148	120	174	163	248	173	110	201	154	102	84	151	188	215	249	252	149	111	169	246	251	186	255	90	29	18	10	30	255	209	191	196	140	153	255	231	87	167	170	54	124	174	127
160	177	170	163	172	160	142	147	132	106	131	144	124	127	146	160	153	148	141	149	164	159	148	151	169	167	158	175	171	178	161	158	169	176	185	134	137	135	136	148	189	167	169	111	109	140	219	172	31	61	154	255	141	125	241	247	160	134	151	152	233	220	170	131	155	178	207	205	195	145	201	189	80	123	125	143	145	203	236	167	138	125	228	189	161	113	101	145	113	161	200	204	121	176	167	177	111	167	196	153	254	255	255	179	138	182	255	255	214	4	0	0	0	16	156	255	62	122	154	187	248	255	189	235	255	163	228	173	77
162	169	155	143	154	160	155	158	146	120	142	152	128	127	143	156	155	152	147	153	160	151	145	155	163	154	140	156	154	164	152	153	162	163	182	163	168	141	124	114	158	157	128	113	86	70	154	92	0	71	245	255	254	143	255	249	211	133	255	235	237	255	244	206	183	161	187	172	183	151	183	212	155	222	193	46	60	181	205	141	123	166	224	176	218	173	135	192	176	162	172	213	165	149	125	110	89	201	255	156	194	183	255	206	166	82	0	218	80	155	255	164	3	0	1	235	82	64	102	133	255	239	255	201	154	255	255	210	98
157	153	149	147	150	158	155	143	155	137	143	160	155	153	163	160	169	167	164	168	170	156	153	169	175	165	150	164	158	165	155	161	129	144	176	189	191	167	153	142	173	158	130	111	144	82	177	107	253	255	231	247	255	185	247	214	98	143	185	134	141	191	255	255	179	162	189	163	172	157	178	238	171	145	170	79	113	168	100	62	145	174	163	197	178	165	179	142	194	143	223	252	241	202	199	150	82	135	162	128	142	134	173	200	143	164	100	250	105	13	255	246	135	25	17	98	13	49	181	152	255	217	255	186	94	231	255	219	151
144	132	145	157	151	162	170	150	149	152	137	154	161	156	177	171	166	163	160	164	165	150	147	164	168	165	158	176	167	170	160	168	134	152	164	178	170	176	177	170	112	99	114	85	184	110	170	103	255	252	255	255	255	246	179	112	64	161	134	104	139	153	208	232	173	186	189	163	162	142	129	152	127	61	151	95	73	182	146	98	193	181	128	227	202	148	191	206	190	202	179	175	236	182	162	143	124	111	67	89	89	67	34	182	233	254	227	237	220	83	0	9	7	0	90	250	41	54	231	237	128	151	72	223	253	232	255	220	219
166	142	156	165	143	152	168	146	146	169	138	143	141	129	167	171	171	166	161	168	171	156	151	167	136	141	143	168	160	161	151	162	175	171	143	149	145	176	165	131	141	126	123	125	176	135	151	175	250	255	176	243	199	239	195	207	223	146	175	140	123	159	124	159	167	185	146	145	181	178	136	92	100	39	158	148	118	255	222	164	165	167	160	163	114	116	190	162	239	255	134	161	149	117	165	126	148	182	154	170	168	116	0	156	197	248	209	172	255	245	36	0	232	6	131	255	174	204	218	255	211	238	118	128	31	255	255	185	255
157	154	150	143	148	171	175	152	175	163	154	157	155	139	147	179	151	155	170	166	148	156	171	162	144	142	154	142	144	150	137	159	162	157	158	163	129	166	176	152	149	188	205	154	144	135	174	110	255	251	253	243	105	169	162	193	216	153	174	132	146	140	118	209	240	195	164	203	192	149	210	161	129	118	160	200	203	255	172	149	162	124	157	92	100	129	175	198	216	240	144	118	186	153	154	159	193	187	138	98	136	150	157	255	98	8	167	200	255	255	235	8	207	166	0	227	255	46	39	147	183	255	255	0	0	16	252	255	177
166	170	167	154	155	180	182	155	150	154	151	152	159	157	153	160	143	162	177	169	156	162	165	152	152	149	158	151	155	155	134	147	163	163	155	166	153	166	159	160	163	218	203	145	157	146	186	120	255	246	217	71	0	124	141	111	103	79	150	182	152	123	233	246	254	156	184	189	142	144	167	163	173	155	184	96	66	117	108	150	135	140	157	169	127	213	255	255	184	141	77	53	151	106	145	166	255	199	97	182	135	149	130	242	179	67	160	231	201	255	251	13	36	149	114	255	247	7	1	138	190	247	151	105	85	154	220	243	134
157	164	163	148	148	175	182	159	159	171	162	148	156	163	149	132	130	158	169	161	161	164	158	151	152	146	149	147	156	154	136	144	158	176	174	184	174	161	160	200	205	220	188	164	172	167	207	142	254	255	251	66	0	194	203	128	134	72	137	168	150	91	188	222	99	118	161	155	180	177	84	111	170	109	141	130	106	123	142	161	178	199	154	178	127	195	220	243	223	44	0	103	135	152	156	151	169	169	184	209	226	154	206	254	189	240	228	168	0	182	243	250	252	255	255	251	216	89	244	252	250	255	255	152	158	180	97	166	194
154	158	166	166	165	176	174	155	142	154	143	127	139	157	154	144	140	161	163	159	166	157	146	153	150	144	139	141	152	152	148	160	163	168	173	185	182	173	176	200	218	174	156	183	154	152	166	126	255	251	176	245	38	164	209	123	191	147	160	158	140	91	148	168	60	133	166	180	170	171	125	95	151	107	137	214	136	131	204	225	181	198	141	133	157	141	122	192	192	130	74	39	133	177	158	138	112	141	198	231	197	116	148	198	237	63	128	132	0	255	255	0	52	169	74	141	111	98	254	164	255	253	249	255	122	172	30	193	255
162	155	164	179	178	169	155	139	154	162	154	142	146	154	159	167	163	170	167	173	177	152	134	149	155	154	147	154	161	154	157	170	170	138	141	160	175	187	174	126	148	129	126	168	160	198	204	250	123	17	12	162	255	158	117	97	148	166	114	141	145	167	212	81	61	120	145	195	176	153	157	169	200	114	57	93	108	129	121	98	131	150	167	164	224	162	80	123	131	147	109	0	85	175	175	143	90	212	162	137	190	185	85	174	148	139	230	130	255	248	245	150	240	78	6	8	79	41	136	243	223	167	172	175	145	170	208	213	253
210	181	166	171	177	183	185	178	166	180	181	173	164	154	155	170	159	158	162	175	176	154	138	146	155	161	153	166	170	149	148	154	155	126	143	151	158	168	153	79	58	135	152	172	197	190	142	195	2	0	107	239	242	152	167	166	169	192	133	125	146	180	139	46	38	29	90	183	218	175	127	184	195	141	102	62	158	129	71	139	194	160	171	148	161	169	132	150	95	100	125	105	113	166	163	134	114	166	204	143	185	244	199	115	84	193	210	255	243	255	255	255	249	255	237	255	223	143	204	252	243	211	109	40	148	251	255	197	255
204	169	135	120	132	160	169	153	120	149	166	166	161	155	157	171	153	149	154	157	153	153	153	145	150	154	141	160	167	142	141	140	137	142	166	153	151	143	143	109	112	154	132	118	171	140	160	169	206	253	178	53	49	5	230	216	151	158	181	142	155	175	139	221	153	42	143	204	177	196	183	141	141	135	93	68	166	113	119	241	170	149	180	182	181	172	147	128	62	172	236	146	227	110	101	166	152	168	189	202	161	182	145	91	124	164	255	255	255	240	255	245	225	233	255	244	190	99	148	240	255	242	96	76	207	255	147	161	246
211	191	162	140	149	176	163	118	117	154	173	166	161	159	160	166	171	164	159	142	129	149	161	141	147	146	125	147	162	142	145	144	139	156	166	142	158	145	151	153	153	118	102	115	164	83	149	56	254	255	238	0	71	122	206	222	219	165	181	163	151	157	186	214	221	183	246	203	162	216	236	155	100	138	43	72	120	98	169	203	165	164	185	189	220	139	120	108	106	173	187	175	255	94	81	254	166	219	183	180	135	160	164	159	110	57	253	253	249	214	241	255	94	9	167	255	11	0	76	202	241	245	129	206	253	255	116	44	201
206	173	175	191	171	149	150	152	134	167	160	158	155	158	175	154	151	164	157	155	147	143	157	154	146	137	133	152	171	162	149	156	165	159	148	162	145	171	187	207	168	139	153	158	155	109	120	210	146	255	255	100	149	171	197	185	193	165	142	182	180	149	121	164	142	159	188	110	175	246	225	148	118	152	143	113	112	133	152	166	136	138	158	195	176	177	187	172	125	102	86	128	217	215	156	196	219	201	223	158	177	183	157	113	139	17	0	0	18	231	255	251	132	1	233	218	146	207	162	137	230	207	133	206	255	255	196	104	248
168	146	144	148	137	145	171	185	162	169	154	145	144	149	165	166	164	164	159	167	162	157	168	157	140	154	160	166	179	178	168	165	150	159	174	197	169	171	179	201	200	188	173	147	146	88	150	252	250	255	201	148	155	142	142	146	110	119	211	208	149	161	138	132	111	162	95	0	145	153	249	213	154	156	174	174	139	142	160	191	145	123	173	189	208	185	154	123	138	151	121	65	184	240	131	112	187	232	180	158	135	137	169	169	138	94	4	0	0	31	7	1	13	0	1	8	129	248	152	148	86	0	69	94	120	159	192	114	201
157	158	168	165	148	146	155	155	169	163	162	157	162	162	151	163	183	167	160	175	166	154	159	138	161	158	132	118	147	180	180	165	182	154	135	147	140	145	139	139	153	177	130	106	123	99	191	248	255	244	192	162	159	173	161	169	120	142	208	189	165	167	160	172	148	161	135	111	119	107	254	244	115	98	147	175	137	170	158	129	194	162	149	133	110	156	122	151	180	192	130	100	177	178	181	164	175	247	173	161	140	160	236	255	223	165	255	243	174	5	70	0	0	172	13	0	0	78	188	163	125	90	182	192	224	166	167	132	127
151	150	152	148	137	135	143	151	157	154	166	159	174	176	144	155	162	141	141	170	167	160	172	155	155	153	131	122	154	183	173	150	170	155	139	127	116	140	174	193	197	178	98	107	142	128	243	255	237	195	207	190	212	175	136	194	186	183	167	177	200	165	178	163	153	151	119	79	91	101	108	241	159	20	39	142	133	136	86	51	177	180	156	134	87	143	141	205	166	149	160	202	225	171	200	138	214	180	133	129	136	139	223	249	174	239	141	255	254	77	232	255	142	252	192	0	17	58	71	146	186	255	251	244	255	137	177	208	210
151	142	139	147	150	139	139	152	153	155	153	131	153	169	141	152	162	148	145	168	165	154	165	156	162	172	166	158	163	170	175	183	162	169	172	153	150	179	215	220	228	157	119	140	196	117	248	252	199	209	164	119	201	222	194	201	213	162	150	152	140	128	171	140	171	184	194	73	125	174	96	237	255	139	142	192	147	146	155	166	144	134	140	137	147	123	159	201	195	142	207	198	234	237	165	71	79	121	174	181	147	129	142	7	4	129	51	189	255	255	255	83	244	255	0	13	3	19	21	113	139	255	254	255	205	51	171	231	188
166	158	153	167	177	157	140	148	150	165	151	131	155	164	138	143	177	175	159	164	159	139	137	133	167	167	157	148	149	150	162	185	174	172	175	156	163	177	186	160	156	126	148	116	203	132	255	255	165	156	26	74	184	176	147	137	163	109	146	127	107	99	103	191	194	143	162	83	64	253	255	255	207	196	190	164	153	204	255	247	232	169	115	163	162	140	144	176	234	189	172	147	191	172	143	163	166	187	156	178	158	205	236	0	71	255	223	193	255	0	0	11	238	255	0	0	147	168	246	115	46	178	232	220	203	134	229	247	220
158	155	139	140	159	160	155	166	149	176	159	162	188	167	140	139	151	168	149	151	166	150	140	141	136	144	145	148	154	147	139	143	151	156	178	162	155	144	164	163	144	164	143	94	177	178	214	240	240	235	100	32	94	138	152	130	121	105	154	153	166	140	70	201	201	134	115	127	113	241	216	161	207	174	110	118	231	255	255	182	255	211	123	191	120	169	97	110	144	174	126	152	170	93	135	204	198	149	133	171	123	105	245	201	192	158	92	0	48	13	1	211	250	216	9	16	187	110	152	179	215	163	90	165	236	144	140	254	201
138	158	158	157	173	168	144	136	155	182	158	178	205	166	145	150	145	173	149	148	175	160	140	140	140	161	164	149	140	140	152	170	164	141	155	160	174	152	152	139	154	183	102	134	175	166	23	77	155	176	216	88	117	145	154	159	175	155	161	162	170	191	133	162	158	89	152	179	181	150	197	253	246	255	164	123	248	252	210	88	156	130	84	92	8	97	21	9	60	141	155	155	159	158	153	125	178	102	159	153	163	128	240	229	92	0	200	234	0	72	11	56	255	65	0	60	228	201	176	170	255	224	68	169	255	249	152	161	4
171	170	162	154	161	173	171	158	145	138	155	171	181	167	141	154	156	158	168	179	178	164	155	155	167	187	180	163	160	150	146	162	159	166	157	182	161	178	174	123	174	167	139	115	128	173	44	0	207	255	219	132	149	152	102	173	173	156	148	163	160	188	210	138	124	134	129	107	143	114	186	255	243	171	165	194	196	175	217	95	142	116	75	112	72	93	11	0	81	114	127	149	155	194	202	181	245	160	156	182	126	157	238	89	251	255	211	255	102	1	2	56	255	25	56	82	208	252	183	180	195	182	5	67	192	215	248	11	0
162	163	163	163	167	173	171	164	147	139	158	165	162	161	159	179	184	180	171	168	180	191	185	170	152	170	168	162	168	158	145	154	163	155	147	178	168	157	159	143	168	155	129	138	151	143	79	190	174	77	175	118	95	142	162	186	172	166	155	148	153	185	192	139	87	86	125	152	160	85	142	222	204	151	172	213	124	217	132	35	76	176	204	141	186	112	0	1	102	149	124	186	116	109	206	209	244	168	156	214	115	126	229	37	168	254	205	139	15	8	0	0	158	255	251	47	0	70	158	159	147	204	60	162	90	112	255	37	9
131	137	149	161	165	162	161	165	163	131	137	146	154	171	164	154	136	151	162	164	163	160	151	139	150	163	160	163	178	169	154	159	167	157	165	204	217	171	161	168	198	129	111	145	156	169	112	150	133	40	81	102	149	135	143	178	166	152	156	153	154	164	154	143	148	118	133	154	179	153	162	119	120	158	182	168	203	255	212	0	39	147	189	129	114	138	102	0	159	159	72	181	108	97	190	189	167	195	147	200	111	169	225	142	128	255	229	251	116	92	0	17	219	128	255	205	54	72	108	76	62	242	242	255	160	212	207	65	140
130	137	156	173	171	156	154	163	148	142	177	181	157	164	171	167	147	151	155	152	144	140	147	157	156	163	157	161	176	168	157	168	164	160	167	185	219	168	139	140	166	133	146	150	131	168	113	61	72	140	68	129	197	147	142	113	129	92	141	182	174	165	166	197	231	161	161	180	169	144	168	127	137	154	132	211	203	241	253	64	83	219	166	133	105	111	144	17	155	84	0	168	145	152	163	129	165	255	232	174	155	58	0	63	167	233	255	248	255	243	255	251	22	70	109	97	122	148	54	142	114	139	255	139	109	255	250	55	255
158	163	179	193	184	160	154	163	159	151	188	198	180	187	184	171	168	168	159	151	160	177	177	163	153	160	156	160	169	153	143	161	142	149	144	134	188	182	158	147	130	163	169	136	127	156	128	131	168	181	104	124	132	117	186	192	131	88	157	203	167	154	172	202	215	171	174	169	129	127	171	134	165	154	145	230	168	120	12	96	233	255	139	112	164	133	255	255	192	71	24	245	187	149	161	90	132	203	201	189	195	42	0	143	255	252	223	240	255	76	0	255	190	255	0	2	209	236	165	79	113	18	68	184	86	255	255	247	251
153	156	169	181	175	157	152	158	175	137	140	156	170	182	157	129	134	162	164	143	152	184	180	146	149	159	161	168	170	144	130	151	141	160	157	135	180	202	171	152	156	182	187	140	117	154	168	172	205	185	180	122	198	183	147	212	154	138	181	186	133	124	145	147	176	169	168	150	132	162	176	98	124	157	210	167	163	98	8	133	238	207	194	200	193	167	238	244	255	123	56	255	195	114	202	115	137	120	137	130	130	21	152	146	173	255	106	68	246	254	33	241	99	43	0	48	250	162	252	203	187	130	160	255	193	93	68	234	255
140	142	150	161	162	156	154	157	155	137	142	143	141	139	133	147	150	162	154	130	132	161	177	172	156	162	162	170	173	144	130	152	160	177	177	156	159	169	127	120	169	184	215	180	125	139	163	150	161	189	167	101	228	246	169	154	143	169	177	169	148	138	151	151	170	158	162	185	165	142	146	133	127	142	181	160	107	168	219	203	192	255	253	218	244	203	165	189	200	123	7	133	193	156	227	163	190	127	196	113	147	8	180	0	20	128	15	245	239	223	0	60	0	25	255	192	154	29	169	229	212	79	79	120	175	202	143	116	207
161	160	162	166	169	167	164	162	169	152	152	157	169	169	165	193	174	147	135	151	166	163	158	161	165	163	155	162	168	143	132	158	148	156	160	155	138	152	129	156	177	175	173	184	202	163	126	142	122	68	50	205	219	185	231	108	156	204	183	185	201	168	163	180	161	167	155	163	158	153	152	137	147	150	135	140	141	118	125	165	255	246	149	68	254	172	116	65	114	132	0	9	222	235	197	168	151	137	153	189	162	111	118	0	0	132	0	174	181	0	5	64	73	253	255	255	153	5	0	73	144	0	70	129	201	210	255	182	166
123	115	146	115	150	165	143	185	184	176	156	152	143	146	171	169	123	136	146	155	172	187	179	161	161	156	149	152	155	145	147	167	186	199	164	152	112	147	142	152	156	138	147	143	154	163	129	115	88	27	59	255	231	161	255	136	130	129	155	192	190	180	134	163	144	142	142	156	172	164	148	145	164	162	166	160	138	125	123	119	203	247	34	40	222	142	137	54	97	236	34	26	215	195	169	186	180	134	200	231	112	170	0	6	255	255	196	81	53	211	202	98	0	111	250	255	255	143	51	255	235	197	216	255	250	255	217	173	188
115	57	75	118	166	179	182	156	148	164	160	162	153	141	153	156	159	157	159	167	175	175	169	163	175	165	152	156	167	157	138	136	171	191	155	141	128	188	175	151	147	149	180	173	156	158	139	130	142	156	119	184	170	116	168	185	160	156	150	136	142	135	136	170	154	140	141	160	170	167	162	163	147	160	164	149	142	152	148	124	105	173	118	164	239	193	113	157	214	193	164	245	255	178	202	255	146	148	183	195	166	128	0	98	247	255	249	49	80	248	255	167	22	0	179	160	252	255	246	245	176	227	215	183	146	248	244	219	235
134	106	110	91	101	137	188	185	170	186	167	162	166	155	162	172	163	152	151	163	168	163	164	174	171	166	154	153	165	158	138	128	155	168	158	173	159	182	165	161	169	162	188	182	161	175	176	158	157	125	111	172	167	142	111	95	132	152	161	161	189	149	153	172	172	150	156	173	169	166	167	159	148	158	156	147	151	164	154	129	154	72	13	39	163	192	109	169	113	60	192	255	240	199	174	237	103	105	187	177	140	112	62	169	201	171	64	97	241	143	0	194	0	6	244	122	185	96	90	111	115	199	152	99	64	227	206	157	166
152	145	129	75	112	147	159	186	208	210	165	151	168	157	151	156	148	142	144	154	158	157	164	176	174	182	175	161	158	155	151	155	150	154	151	174	156	156	146	162	173	154	164	156	133	162	192	177	184	107	127	207	196	235	212	129	141	148	128	147	181	145	159	187	162	149	163	170	155	158	158	130	156	149	143	151	163	158	148	147	130	127	66	0	17	118	149	187	102	26	199	253	255	146	45	143	71	1	182	113	144	6	61	158	255	255	255	255	249	91	2	100	115	52	247	237	125	101	125	80	109	190	204	212	162	255	207	154	127
158	161	150	164	196	153	148	155	204	213	178	168	180	158	139	136	161	163	164	161	158	158	159	160	189	201	194	177	168	163	163	172	175	178	158	149	148	178	175	163	165	155	168	160	124	142	187	184	177	132	96	141	190	254	245	178	192	182	118	126	143	145	157	176	158	161	176	170	153	171	174	134	151	149	142	150	166	162	157	169	174	206	155	119	37	125	168	254	167	126	90	52	126	0	43	255	146	76	116	84	65	50	84	0	161	235	251	253	145	0	6	179	55	0	103	112	186	148	204	157	162	146	160	197	170	219	195	161	158
154	184	163	183	154	107	192	159	167	190	180	177	175	155	154	160	170	174	175	169	163	160	155	149	175	178	172	171	178	173	162	162	177	178	167	159	156	165	159	151	166	154	158	172	154	152	171	153	177	145	92	130	195	178	166	168	177	182	148	161	166	189	170	151	165	174	180	162	149	169	174	142	151	170	160	147	163	171	163	166	186	192	141	60	64	233	197	123	153	112	139	181	89	3	194	130	1	130	96	76	167	238	255	6	0	255	252	255	253	182	0	55	16	5	0	137	144	154	142	162	189	147	171	215	219	218	161	97	72
145	158	125	88	85	120	200	154	146	165	163	162	149	137	155	163	154	152	156	165	166	158	153	154	153	149	147	160	177	170	155	154	157	150	151	155	151	137	128	128	159	134	120	154	170	159	156	127	168	165	155	150	165	81	86	162	132	116	133	158	166	178	167	157	150	159	159	146	140	146	145	134	159	178	165	152	171	172	156	159	164	145	151	105	155	255	227	143	194	112	140	238	142	115	231	123	37	238	103	113	185	255	253	162	255	255	255	247	248	189	48	0	121	72	27	149	161	171	131	131	131	150	168	155	144	133	96	86	178
153	151	163	88	116	155	122	133	172	178	175	175	155	140	148	138	140	128	136	160	167	153	150	161	159	155	153	166	177	164	153	161	174	167	147	129	152	181	174	138	157	138	118	156	177	164	171	164	170	227	217	142	201	135	86	137	114	59	113	151	161	137	141	162	143	152	156	160	164	156	149	155	159	163	151	160	186	170	150	168	121	122	107	154	175	255	255	217	246	173	145	176	170	209	150	162	255	230	204	211	180	255	255	29	35	166	255	248	255	249	29	3	48	95	106	131	151	162	135	142	94	146	132	100	116	130	96	122	196
143	169	198	136	122	130	149	177	189	187	192	162	139	149	154	162	169	149	143	149	155	165	172	168	150	154	165	171	155	136	146	172	156	136	148	131	139	193	191	157	147	133	150	154	173	168	175	157	159	185	208	222	199	177	128	126	156	151	132	165	172	146	166	189	162	164	160	168	174	152	138	158	168	126	168	191	140	154	146	167	150	115	141	173	190	177	127	117	147	136	195	200	211	174	114	97	234	255	183	83	90	251	255	0	2	19	252	241	255	244	135	0	3	176	127	169	158	124	103	138	125	216	180	89	120	128	189	148	108
156	178	168	126	115	125	158	169	169	178	179	157	158	167	161	179	157	142	141	150	155	164	172	170	161	158	157	165	166	152	149	167	143	143	143	143	174	173	128	130	142	162	186	166	148	156	178	166	206	168	133	185	184	160	158	174	154	159	116	100	158	190	183	157	166	145	146	174	172	138	140	182	162	132	150	147	134	158	154	183	169	180	148	152	180	70	17	93	127	111	122	212	186	94	132	120	68	34	65	6	11	0	6	0	88	11	252	255	79	96	55	5	3	53	87	138	150	202	127	153	183	205	191	138	119	195	251	227	198
164	185	148	138	131	149	182	173	168	176	175	160	173	178	166	187	187	163	154	159	163	164	158	143	149	156	156	168	183	167	149	160	166	162	156	159	180	164	128	141	195	183	167	155	146	183	198	178	204	168	106	143	128	121	161	162	164	137	100	104	127	190	187	184	178	172	185	198	186	165	156	155	157	140	147	127	149	170	166	188	162	168	180	146	104	148	208	103	128	150	116	122	141	182	196	131	65	45	239	198	9	8	3	0	72	0	246	255	33	10	154	183	249	126	115	198	205	244	205	194	194	144	123	124	189	255	218	199	225
151	169	148	157	146	170	176	158	156	150	163	161	158	160	154	165	163	135	125	143	165	176	164	140	143	149	136	134	151	150	150	175	150	136	153	162	153	172	191	184	197	169	152	179	177	200	191	177	238	208	157	166	135	147	186	174	190	177	165	157	86	185	193	186	206	192	195	195	184	187	189	172	170	150	169	157	176	175	171	170	183	193	182	186	176	187	197	170	129	148	115	126	156	166	163	244	255	255	255	8	80	117	0	84	161	33	255	255	18	195	255	236	228	255	223	153	164	170	185	248	183	137	139	127	208	208	116	70	124
153	160	176	178	158	187	167	156	158	138	179	197	171	167	167	161	143	125	126	146	164	175	172	158	150	152	144	146	164	166	161	168	156	151	169	179	155	157	184	183	161	171	171	186	163	168	171	195	245	187	157	173	155	174	183	186	184	158	181	194	136	137	150	210	252	198	176	178	157	146	176	207	205	162	189	189	176	157	164	144	163	160	166	160	121	181	135	52	95	176	140	130	129	137	174	227	181	241	137	4	8	158	242	254	49	144	255	187	61	255	255	160	174	68	87	111	182	158	171	255	207	134	114	122	168	178	139	61	115
149	149	186	178	155	183	172	171	180	160	208	233	202	184	176	167	151	150	160	163	149	144	151	154	166	156	151	157	169	177	167	149	177	185	165	167	161	119	124	166	154	181	171	167	179	185	165	166	169	152	153	154	135	162	153	152	162	127	180	214	217	74	106	251	218	191	183	186	163	141	158	189	222	171	183	187	151	136	152	130	150	155	137	148	177	220	178	219	193	148	147	159	133	141	153	156	93	131	236	0	200	0	0	255	230	255	234	176	17	0	191	224	255	119	59	121	200	122	128	183	161	176	168	227	191	134	108	149	222
134	138	169	157	136	146	170	163	174	163	183	198	192	167	145	162	137	142	155	153	132	124	138	149	173	148	138	126	114	136	160	151	145	154	128	135	142	114	131	170	148	171	157	164	234	223	161	135	153	182	176	170	145	160	162	154	169	172	218	206	196	105	157	213	171	164	161	174	182	170	160	169	189	167	160	169	144	144	147	131	110	165	167	151	184	186	196	255	228	185	247	241	198	208	188	132	104	169	243	155	12	27	16	194	255	221	55	20	49	161	226	229	193	189	102	67	81	200	239	58	180	247	207	228	210	132	33	60	84
153	164	178	166	142	126	176	153	160	157	145	149	178	156	129	178	161	156	160	158	142	136	144	147	139	141	170	167	125	131	155	142	147	147	146	157	140	144	179	159	163	174	147	137	209	185	167	205	197	192	136	164	158	141	161	174	177	137	156	189	141	154	220	182	235	165	112	134	164	138	122	153	141	157	143	159	157	168	149	135	121	139	172	152	161	147	134	0	66	163	208	221	215	195	180	7	0	101	6	0	0	255	250	235	247	221	163	105	123	163	255	240	108	98	52	56	100	255	185	69	169	226	153	22	28	101	96	47	12
160	140	162	167	150	174	188	167	185	161	151	155	155	157	156	147	152	169	178	153	161	136	140	151	153	146	126	155	153	158	146	145	168	133	152	183	168	166	179	167	174	167	144	135	149	150	156	184	174	153	141	168	161	147	171	166	157	122	127	141	114	110	177	249	255	60	11	62	134	161	124	164	143	143	128	136	151	157	164	148	172	116	140	156	153	134	145	105	127	153	59	128	157	45	141	99	3	78	0	2	225	254	255	152	152	255	249	255	0	1	29	0	47	91	0	55	152	168	48	2	110	153	108	62	72	226	190	17	0
160	137	145	152	149	175	198	191	174	157	149	146	137	140	152	155	154	159	177	173	176	140	136	142	168	160	148	171	151	136	126	142	166	142	145	156	156	173	188	175	191	194	176	161	167	164	155	160	133	152	169	190	169	141	161	169	170	144	145	153	139	138	162	175	156	67	79	135	131	128	140	138	124	157	163	154	135	129	151	153	169	148	162	156	137	145	180	173	166	190	87	113	96	170	174	156	154	200	225	255	255	26	47	24	255	161	255	236	255	74	0	13	154	103	65	110	177	232	119	9	185	246	116	12	152	240	177	140	0
173	160	160	161	150	154	179	194	174	158	153	153	148	153	163	164	170	157	175	187	184	154	155	158	182	157	146	172	169	160	154	175	169	164	152	142	154	180	186	171	168	180	173	162	169	173	163	156	161	171	161	164	163	150	157	162	161	152	154	150	144	161	164	137	149	152	130	149	139	131	164	129	151	179	180	173	157	150	161	153	172	176	165	149	122	151	173	178	154	250	172	110	99	216	96	2	25	181	255	255	226	178	240	255	225	247	255	255	244	189	9	168	255	216	90	129	182	124	123	109	180	220	143	71	108	68	49	164	202
186	176	166	174	165	145	153	162	164	146	143	153	162	168	162	144	162	144	162	182	176	162	164	157	175	151	143	145	140	140	141	166	168	178	162	146	160	171	160	150	141	150	153	154	160	168	173	176	194	182	143	130	154	163	158	158	163	165	165	140	123	147	163	141	176	224	134	105	151	164	182	163	166	166	155	164	167	157	152	135	143	154	130	141	134	172	161	163	186	205	174	133	153	155	152	87	0	43	218	255	255	255	248	255	147	255	236	255	246	221	58	87	204	255	150	111	98	0	93	104	111	149	128	94	26	41	20	27	125
191	177	161	189	197	176	175	167	170	157	157	166	172	176	166	143	150	142	153	168	159	161	155	136	154	160	178	146	120	120	135	168	159	171	159	150	161	152	135	141	156	152	159	169	162	155	166	182	159	167	157	146	161	165	153	158	162	161	156	125	93	106	123	110	170	230	172	123	150	163	167	163	159	154	148	166	164	139	140	141	128	142	118	142	126	148	126	147	138	141	171	169	155	118	119	0	5	96	255	168	222	245	250	248	169	176	244	0	39	166	104	254	201	255	146	46	139	84	76	113	132	138	54	1	0	126	169	124	163
159	162	161	189	179	158	184	183	181	179	182	180	170	171	173	164	190	179	163	162	153	169	168	163	174	178	204	165	154	159	160	175	159	163	153	152	160	148	141	159	170	157	168	180	162	142	149	163	140	149	165	163	166	165	145	147	150	143	146	137	120	127	132	113	171	199	212	186	156	174	194	164	163	156	151	174	174	149	149	151	161	176	159	173	129	129	126	174	177	168	129	150	77	48	0	24	0	122	213	115	27	138	255	255	19	163	0	3	173	44	12	255	255	205	139	91	136	126	181	157	56	101	80	54	63	149	254	215	225
138	146	151	171	136	113	156	150	167	168	172	165	154	158	166	162	209	196	163	164	161	178	178	197	192	161	173	142	160	170	149	145	169	165	156	155	162	159	159	170	168	153	161	170	154	144	150	151	153	136	152	156	160	168	147	141	150	146	159	169	171	189	194	170	170	174	191	191	163	196	241	193	148	145	137	160	175	167	159	138	177	180	173	192	163	168	173	208	172	184	105	148	145	191	22	0	139	3	125	243	0	10	238	255	255	249	252	250	255	151	0	75	242	245	231	161	140	132	233	230	47	145	151	145	110	140	255	211	76
180	164	151	177	154	137	164	122	162	157	159	160	160	170	172	159	168	164	142	167	172	174	158	186	151	108	125	107	142	160	153	165	175	169	160	157	162	166	164	161	173	157	159	161	150	157	166	156	142	119	147	157	155	166	156	154	142	144	158	163	166	192	206	185	181	197	170	160	148	166	210	172	127	144	145	159	175	180	175	144	166	146	134	162	162	174	156	146	153	133	137	213	184	255	255	200	0	3	217	225	114	135	255	162	255	247	255	255	255	222	134	45	255	132	164	115	104	121	155	198	123	227	198	255	202	125	198	255	178
179	167	168	186	155	168	166	150	162	172	185	170	167	173	148	131	144	173	165	157	175	160	136	151	153	154	202	171	159	167	181	179	157	165	163	152	145	149	153	152	139	158	188	161	133	158	175	171	155	150	153	164	166	155	142	135	154	156	170	171	151	167	158	187	199	205	174	194	172	156	152	146	153	160	141	146	119	136	160	169	175	163	136	196	188	139	164	113	126	119	145	79	104	226	255	252	159	91	194	105	7	59	200	140	31	251	211	7	125	172	183	207	204	131	165	189	144	156	119	114	120	179	119	98	134	146	180	250	227
150	120	126	172	182	178	158	140	170	181	186	168	168	164	124	107	124	154	157	153	164	164	167	192	209	199	205	172	154	163	171	159	154	164	167	158	150	149	145	139	136	142	165	148	133	157	165	158	166	160	148	140	144	153	152	144	160	155	160	160	145	164	156	182	174	182	187	173	174	172	170	179	163	175	168	175	146	125	141	165	170	146	154	169	182	150	176	160	132	169	162	69	5	122	12	154	155	3	89	0	0	105	166	171	188	255	253	255	255	232	253	219	41	132	169	218	176	241	195	168	166	125	190	165	87	114	123	99	152
166	135	140	169	183	153	142	148	125	146	151	142	162	159	115	109	132	145	151	150	156	172	194	211	175	159	142	155	147	151	163	161	151	162	167	160	155	154	150	143	151	142	155	150	148	165	161	153	166	169	161	148	154	171	171	156	167	160	155	159	146	159	147	163	152	161	181	124	132	139	154	193	145	198	196	156	143	133	143	136	130	116	152	186	172	154	122	153	171	159	113	134	0	5	141	165	46	0	159	255	122	171	184	0	216	228	222	248	243	255	255	114	122	123	198	181	162	192	154	124	173	132	113	168	215	92	243	255	179
188	175	175	162	164	125	124	135	131	157	160	150	175	168	126	136	154	144	145	147	151	178	198	192	169	157	132	177	160	136	144	161	160	168	168	159	155	158	158	153	164	149	157	159	164	169	153	148	166	173	172	163	163	171	171	163	165	163	156	165	150	153	137	143	139	162	179	142	138	128	135	173	167	171	153	141	159	115	117	134	145	124	148	179	162	134	107	167	134	177	126	0	57	17	196	174	219	255	239	251	191	0	46	2	212	3	2	255	193	255	128	104	181	218	115	157	135	86	58	61	69	86	113	40	216	255	239	255	193
152	164	176	163	188	186	192	184	152	176	177	164	182	173	143	167	163	151	154	153	149	171	188	172	185	194	165	182	149	127	138	157	166	172	170	161	156	158	156	150	160	151	159	162	167	162	141	146	166	165	163	157	150	148	158	171	163	167	156	169	155	157	150	154	158	165	138	152	147	136	140	159	170	162	130	120	165	145	134	119	158	160	171	172	176	139	153	175	114	198	186	187	22	0	0	26	221	255	206	241	244	107	139	247	255	0	0	255	255	249	120	53	8	80	81	139	83	106	130	94	115	119	245	168	214	204	245	238	180
128	146	164	158	172	193	216	214	162	174	175	159	166	159	143	172	171	174	183	171	149	159	176	167	161	190	163	130	111	128	148	156	149	159	163	160	160	163	158	149	160	160	168	165	169	162	144	159	145	148	156	162	159	155	165	182	175	177	155	171	162	171	178	185	172	153	107	151	151	146	144	134	136	169	145	120	167	202	184	116	134	197	169	183	138	162	160	135	143	135	0	48	180	38	10	113	242	107	92	42	72	0	154	210	125	0	0	246	247	249	122	3	40	106	192	124	84	110	76	86	91	93	155	18	29	54	75	201	112
194	179	181	192	171	173	186	195	187	181	178	160	154	146	135	158	170	181	186	168	149	157	172	171	165	177	162	111	122	147	150	147	143	152	156	154	156	161	158	150	166	171	174	161	163	159	146	168	136	145	156	161	164	169	174	178	186	183	150	166	162	170	180	181	160	139	146	176	168	163	160	138	144	148	143	177	188	178	164	150	144	205	176	177	112	156	158	119	114	44	15	6	239	221	227	254	109	212	110	3	210	255	190	0	109	255	0	115	214	122	183	109	176	212	200	250	90	86	141	119	186	47	128	213	151	244	107	79	222
152	99	99	166	161	156	141	139	162	147	150	145	144	148	148	167	151	159	157	145	146	165	177	175	165	149	151	124	165	172	149	149	162	164	158	148	145	151	150	143	165	170	166	145	146	145	134	159	157	160	150	134	136	155	165	160	185	178	138	156	152	154	155	145	170	134	167	136	117	142	191	209	152	162	166	201	168	144	135	138	153	173	244	194	206	149	184	113	160	246	207	38	255	180	56	136	2	132	215	144	241	255	255	138	250	165	124	254	85	151	197	195	157	183	190	255	145	84	210	214	215	74	214	252	255	186	155	141	255
148	125	113	161	164	143	116	142	157	161	180	186	171	148	185	159	155	153	168	163	146	166	176	144	104	100	112	158	124	108	193	220	187	172	153	148	148	139	141	160	150	139	138	146	142	130	136	154	138	144	178	147	148	150	156	168	169	172	149	162	162	136	146	152	157	168	154	130	134	159	166	156	152	137	192	169	152	142	141	176	147	128	217	190	182	169	205	68	150	255	246	205	255	255	0	9	0	255	144	255	248	75	248	252	187	12	0	204	132	153	162	144	131	184	162	199	175	102	232	145	75	49	255	204	108	207	172	255	154
184	196	202	202	160	117	117	163	158	152	176	173	161	164	191	204	179	151	160	182	179	181	186	170	137	116	126	153	143	149	198	225	173	166	163	163	158	152	151	154	141	140	150	166	167	153	147	151	168	164	173	145	147	159	151	147	160	156	146	162	172	161	166	175	134	178	182	168	174	159	136	144	210	143	119	133	161	146	160	173	147	211	156	179	164	185	219	139	124	254	254	255	239	248	255	0	253	255	223	254	255	247	255	255	86	0	9	0	80	62	120	154	152	139	115	43	95	159	217	75	93	140	233	218	208	254	255	250	118
145	155	159	143	133	117	137	168	141	122	139	139	133	149	141	174	158	129	139	170	171	169	176	173	188	160	157	152	152	156	149	160	168	165	176	177	164	169	173	158	156	151	150	156	161	161	162	164	170	176	171	146	138	171	177	185	182	162	163	171	183	184	174	181	164	191	170	160	187	170	148	179	215	187	149	161	160	115	170	196	211	176	151	204	136	165	210	255	185	255	255	89	81	183	38	0	255	219	134	110	255	203	85	250	255	255	11	9	88	65	138	161	195	166	78	24	63	154	210	82	128	108	131	249	255	241	255	171	48
175	160	140	112	144	155	168	161	166	149	143	165	167	172	138	155	131	124	137	150	149	155	166	165	130	139	141	148	169	172	159	161	162	158	170	166	148	166	180	156	164	154	142	137	142	153	160	164	168	182	167	154	139	173	169	166	176	144	151	150	156	164	144	148	162	152	127	141	177	165	139	151	189	180	146	143	156	132	168	168	207	130	205	179	149	87	220	5	15	119	255	179	151	69	255	255	115	64	5	0	227	15	9	205	125	252	149	0	183	97	155	163	207	255	164	158	98	166	195	101	171	168	173	251	255	255	211	102	0
176	173	158	120	139	144	153	142	159	158	132	169	171	161	147	150	151	142	146	157	160	161	164	164	132	176	160	164	169	145	146	137	148	144	153	145	130	154	169	140	144	143	143	144	146	148	147	144	152	158	139	153	162	189	157	118	152	122	138	140	141	154	141	143	189	149	129	133	131	133	149	161	184	151	128	107	143	143	126	117	140	125	124	142	196	91	100	0	0	83	208	152	48	213	254	250	203	104	92	38	0	0	73	249	14	102	137	68	159	141	176	141	180	251	207	159	68	163	176	134	140	217	222	224	255	239	193	240	1
144	163	168	151	159	164	170	171	173	175	149	172	164	149	169	168	165	137	132	159	172	154	141	147	131	182	159	163	162	139	164	159	148	149	154	147	143	164	168	140	137	141	151	158	155	147	145	147	152	155	136	151	168	185	173	141	153	138	160	170	160	166	167	163	148	153	197	213	172	150	160	158	169	141	163	142	175	173	130	149	175	137	51	120	151	167	115	236	251	156	75	98	101	96	0	29	0	9	165	210	251	51	13	109	165	41	51	50	121	235	189	177	221	202	153	149	101	82	148	174	61	146	203	255	248	49	58	194	211
141	151	146	153	162	172	162	163	176	156	155	155	148	141	152	139	137	128	133	158	170	149	133	140	148	170	155	151	151	148	166	167	158	160	156	150	160	176	172	152	151	155	167	174	164	147	150	165	173	174	156	153	161	156	174	163	157	162	185	200	171	157	170	154	140	158	186	189	166	160	171	173	150	140	173	153	203	219	173	184	142	139	148	186	160	231	214	0	5	67	126	149	255	199	57	248	177	4	134	137	231	138	0	236	245	255	114	14	146	246	168	166	212	110	51	127	145	48	83	105	130	200	177	241	159	45	143	234	254
163	162	141	157	162	176	160	167	170	126	154	145	153	155	135	100	110	145	169	175	175	167	160	162	155	149	150	142	150	168	167	171	157	158	143	136	156	172	166	156	158	166	185	197	179	151	149	166	147	143	135	145	175	160	178	157	163	182	205	224	182	153	171	147	148	160	153	151	174	183	166	154	153	178	192	122	138	160	140	149	170	155	119	156	120	217	87	4	2	249	254	251	242	255	167	255	255	128	186	107	0	118	255	253	255	252	255	16	130	207	147	157	188	51	13	46	142	211	153	131	182	255	128	181	107	124	178	226	119
167	155	151	166	184	187	173	159	175	163	177	171	165	175	149	114	118	148	146	161	164	173	148	152	142	151	154	149	145	151	159	164	143	139	141	150	157	160	162	164	154	161	165	176	174	141	133	168	160	154	147	170	160	146	163	143	132	129	175	151	149	178	150	171	133	159	160	167	206	180	169	135	153	174	159	122	116	152	126	155	160	125	107	121	82	178	112	46	241	255	254	235	255	239	252	255	78	203	199	82	156	255	255	156	252	255	206	56	120	170	122	169	171	153	17	68	188	171	220	171	154	150	140	231	248	233	104	199	225
150	156	149	137	148	174	180	166	142	155	177	165	162	178	159	134	152	173	160	140	139	164	160	149	163	161	161	159	152	145	146	152	145	138	139	153	168	174	172	169	159	155	149	157	158	134	129	159	175	157	153	175	165	134	131	131	131	190	161	142	178	175	157	155	119	146	139	131	164	158	173	162	180	177	195	186	164	138	114	165	168	176	144	144	165	201	194	243	255	233	243	255	252	45	92	181	222	248	158	72	74	175	157	178	254	165	136	97	138	90	106	222	188	115	83	185	165	113	109	147	154	4	6	166	152	184	121	253	255
170	165	149	141	162	186	176	145	138	153	169	160	166	176	162	164	167	165	156	124	124	147	169	157	149	150	161	177	181	173	173	179	169	154	143	149	161	169	169	168	167	153	141	151	159	145	139	157	165	150	151	159	173	175	176	202	249	235	170	173	184	164	179	168	141	163	146	126	152	158	167	157	146	121	151	161	151	128	123	177	175	121	139	203	192	181	0	15	0	252	255	247	255	212	65	156	129	174	145	255	255	148	158	175	227	154	188	165	148	151	147	214	139	84	15	135	144	129	151	171	141	3	52	125	40	38	4	108	129
181	159	144	152	170	171	151	131	142	144	149	148	162	163	155	185	174	148	156	145	142	137	170	174	146	157	174	185	183	172	165	165	176	169	164	164	164	163	163	166	162	143	134	149	163	157	147	150	152	157	157	130	150	183	178	198	254	184	135	129	140	154	164	168	176	182	151	130	162	182	173	154	120	112	138	150	151	173	144	140	137	143	167	194	158	132	0	4	0	55	117	103	227	188	174	176	41	122	100	175	194	255	238	11	21	0	136	197	214	168	100	144	69	170	118	130	164	119	133	152	97	58	101	65	76	107	136	194	255
173	170	167	164	158	154	156	161	140	159	171	158	164	171	173	205	184	160	175	170	162	143	170	177	157	173	185	182	173	167	165	162	154	167	183	188	177	165	165	173	174	151	142	155	167	168	162	156	150	162	167	137	147	167	146	155	195	202	144	106	159	186	158	153	176	171	136	118	151	188	178	170	129	159	194	209	205	247	175	122	143	180	192	160	117	89	255	255	65	163	112	137	97	3	0	89	214	255	31	255	181	246	240	252	255	99	108	133	251	173	123	100	23	188	219	158	169	129	95	162	130	177	187	121	146	162	194	198	227
163	185	191	176	168	174	169	154	130	172	196	163	151	172	178	190	170	165	170	159	153	151	166	166	149	156	161	160	156	159	169	178	157	168	178	174	158	150	162	180	183	157	147	151	153	160	164	157	159	153	155	153	158	157	152	171	164	186	132	131	162	157	156	126	167	166	142	128	145	172	149	152	149	180	206	196	184	213	161	138	189	169	166	157	141	81	247	252	237	255	192	251	255	234	120	179	190	65	53	239	255	255	255	254	243	255	162	117	121	121	149	88	69	180	146	118	130	162	172	156	150	245	228	179	128	177	194	142	3
145	166	177	173	175	180	163	135	129	137	154	138	133	158	164	163	157	154	140	146	150	155	150	159	154	139	137	151	151	139	142	159	177	173	166	155	143	140	154	172	175	154	150	149	141	149	159	152	168	154	145	154	146	137	156	165	162	144	138	170	172	161	175	167	182	174	153	148	157	174	131	135	154	169	191	136	137	134	127	143	178	179	167	134	190	134	98	212	125	0	82	250	206	255	255	54	126	103	121	191	80	168	250	3	100	250	185	187	106	113	138	112	155	228	143	123	117	121	194	92	99	174	132	92	59	185	206	151	0
141	154	170	178	175	169	174	183	159	107	107	133	155	178	183	187	173	154	126	158	168	158	134	161	172	142	144	182	191	164	158	179	174	169	166	166	162	156	154	155	189	177	183	185	171	176	186	177	155	161	157	168	154	151	176	154	154	161	188	165	189	196	141	183	202	174	139	141	165	195	151	159	107	136	196	133	175	149	157	172	158	116	181	121	161	199	241	216	0	0	11	255	252	90	255	152	78	253	165	0	2	0	204	147	57	170	255	255	202	107	112	123	142	156	138	100	138	108	183	128	23	140	180	161	136	184	160	146	1
116	136	171	191	184	178	171	160	169	140	152	152	143	158	171	177	164	157	149	164	163	154	164	158	168	148	149	183	180	158	173	187	187	141	148	130	151	159	154	149	186	166	164	164	167	176	176	173	145	153	153	150	151	161	160	155	128	166	219	177	166	164	159	151	176	187	156	135	138	205	167	169	162	152	189	148	165	157	170	181	186	130	167	194	182	191	159	166	0	24	7	64	255	15	226	255	79	245	0	19	5	23	92	200	147	138	170	189	159	116	165	200	156	180	159	165	207	185	172	93	76	183	198	183	138	255	246	101	165
143	149	162	171	138	125	131	148	169	160	198	173	131	137	159	147	162	187	154	146	166	142	129	149	138	117	151	167	162	169	165	167	158	135	150	154	154	149	162	182	160	158	178	169	173	169	159	158	148	148	144	133	152	168	172	155	149	170	197	161	149	157	155	156	170	168	125	120	177	207	134	183	214	169	165	146	180	140	169	171	175	146	192	183	167	130	89	246	1	22	3	93	253	1	77	76	230	218	22	0	0	28	42	125	170	165	110	115	112	157	207	230	179	212	222	207	196	233	245	136	205	245	207	75	61	211	218	4	0
142	151	158	175	143	144	142	153	159	141	189	176	149	145	164	144	124	196	187	148	139	135	151	174	138	99	152	161	150	173	152	146	166	138	126	163	166	155	150	147	135	147	182	155	163	154	146	155	141	149	167	150	173	166	165	136	156	164	167	151	137	155	153	161	185	173	199	191	189	174	102	134	160	138	142	161	201	135	144	114	169	182	188	148	143	128	184	186	103	212	113	154	230	255	255	249	226	255	195	128	9	14	99	208	115	121	79	123	255	144	111	166	143	192	215	107	140	255	255	247	198	221	244	150	78	129	141	37	17
211	200	172	173	159	194	191	182	150	137	194	214	217	167	142	133	151	185	180	141	123	166	183	118	156	141	214	224	173	167	163	163	170	167	150	197	191	178	159	128	145	152	170	124	127	116	117	130	115	130	173	161	180	153	168	159	143	151	148	157	143	161	156	168	164	172	233	190	154	158	122	141	148	150	150	156	166	139	142	123	136	252	200	141	187	137	114	252	235	253	240	10	135	253	231	227	255	247	187	58	14	0	51	213	184	114	59	172	218	196	146	68	61	162	215	164	175	242	246	167	97	121	160	182	121	146	105	99	253
210	186	161	171	172	195	183	165	144	157	190	198	216	167	137	166	136	155	159	144	134	168	174	100	130	179	255	250	161	139	174	170	169	173	142	169	176	194	173	115	146	152	158	136	143	141	153	156	143	136	159	139	150	121	159	180	138	150	148	167	155	164	165	176	160	179	173	97	119	163	139	179	179	173	164	155	132	148	130	146	157	163	177	127	244	165	255	255	110	227	255	148	117	185	141	212	222	74	184	0	22	157	242	255	255	159	80	137	92	165	227	189	106	159	225	158	181	193	136	95	141	181	151	113	94	157	97	80	255
167	145	152	176	183	167	153	140	128	150	147	138	162	161	125	144	106	147	157	165	164	145	145	149	121	172	203	172	114	135	182	151	176	181	142	102	91	137	157	125	127	138	135	166	167	165	183	159	167	148	151	133	141	124	160	186	150	162	156	168	160	159	171	177	178	179	161	119	125	167	149	153	169	154	160	172	153	167	130	154	163	180	166	132	161	141	25	255	1	0	255	227	174	96	0	255	249	255	190	244	249	150	234	247	242	48	0	67	99	158	249	239	188	104	88	121	107	138	216	87	135	182	198	132	156	147	158	178	125
194	171	170	148	162	158	175	158	129	142	147	163	156	164	100	72	174	178	163	173	177	155	149	148	147	146	149	123	120	167	179	147	156	193	201	119	75	111	157	165	200	205	171	234	202	184	205	155	132	141	155	150	152	158	187	208	159	167	159	159	161	149	168	161	153	168	174	178	141	178	171	129	173	171	177	172	171	171	170	176	188	146	66	67	89	160	19	0	148	10	217	255	250	44	0	252	255	253	165	255	255	190	131	165	255	227	135	116	144	183	154	203	152	90	92	159	181	229	200	135	125	109	179	166	231	122	177	199	255
151	153	160	107	147	180	210	160	164	152	167	203	151	171	143	134	199	188	192	184	141	155	200	176	135	108	140	142	152	173	142	140	135	150	187	148	168	202	183	132	213	210	151	233	182	165	201	144	127	165	182	163	140	153	180	198	156	163	157	150	161	141	161	141	135	193	151	140	132	176	156	126	166	203	213	174	174	146	175	140	133	185	137	111	118	94	0	0	210	255	243	254	110	1	9	66	209	194	162	209	231	143	130	180	247	232	255	153	157	171	195	171	152	188	185	255	228	234	169	159	106	68	139	125	200	117	211	192	208
146	146	129	130	165	182	179	183	184	171	180	201	194	168	174	205	213	190	181	131	119	141	142	185	135	158	150	170	183	194	157	149	144	149	196	149	160	206	185	118	135	165	150	104	124	136	164	164	158	163	148	166	170	159	171	159	158	173	182	157	144	174	178	139	156	156	151	147	138	172	151	138	158	183	216	162	152	140	134	193	171	255	255	251	204	49	106	139	0	125	255	170	0	4	70	0	0	28	95	130	169	94	189	234	168	96	223	175	160	186	255	207	61	170	165	155	138	121	142	162	143	64	131	128	238	152	86	123	200
154	161	159	165	173	155	140	151	156	145	148	163	166	161	174	197	205	197	152	125	134	144	139	119	135	165	171	190	187	184	157	163	195	186	159	131	155	136	134	146	148	172	167	145	142	135	119	149	187	145	126	154	157	133	132	134	149	146	155	168	158	159	181	181	155	163	156	151	160	158	125	141	160	182	177	101	175	161	147	176	253	173	173	255	223	253	255	246	255	221	61	231	214	124	252	109	0	133	170	145	146	187	224	89	29	141	145	173	255	207	223	161	138	143	112	138	147	153	167	183	149	136	153	187	245	127	111	211	220
155	154	157	170	166	134	117	133	149	163	165	157	159	170	168	154	145	153	112	154	172	143	179	179	157	155	146	170	179	165	119	103	200	188	146	156	165	106	125	161	167	170	159	159	148	149	113	151	164	139	134	127	140	177	173	140	154	146	139	160	138	109	138	152	155	155	141	129	162	140	121	172	180	146	159	146	153	153	165	130	175	14	73	255	253	243	255	244	237	255	145	133	127	255	221	28	175	205	210	155	167	179	144	172	110	157	172	166	250	223	152	80	178	127	164	182	143	184	170	163	143	153	156	243	241	173	195	229	106
161	143	134	144	148	134	130	141	143	173	174	146	143	166	158	124	135	159	144	197	191	127	157	171	119	147	179	192	160	124	119	145	168	161	167	189	159	127	159	154	153	140	138	155	141	146	145	152	129	132	193	202	165	149	146	167	148	163	149	154	137	119	148	148	161	162	175	170	198	151	116	141	115	155	125	167	157	186	144	142	135	9	117	220	255	255	243	255	50	69	217	27	101	246	12	165	255	183	219	167	183	228	207	172	220	255	251	165	179	234	216	182	217	155	176	173	153	191	127	166	171	205	160	215	255	191	129	191	199
162	147	140	142	142	143	147	150	157	162	157	145	146	161	170	169	162	194	192	197	181	135	106	77	93	134	193	206	170	136	165	212	159	163	180	175	138	143	163	157	149	137	170	196	153	112	164	166	147	142	188	190	153	136	136	170	151	172	160	155	149	144	161	156	148	140	172	175	191	163	139	133	139	160	103	160	135	140	82	118	174	255	78	0	121	234	255	255	217	229	125	4	154	246	53	255	251	216	162	186	199	135	144	142	165	184	249	196	144	231	240	218	209	185	116	193	255	208	100	148	201	144	144	170	172	139	111	240	248
137	139	155	163	152	148	155	155	187	160	156	176	175	155	161	190	168	172	180	182	174	147	122	129	169	150	166	183	191	174	174	166	152	180	170	159	152	150	142	172	163	151	195	199	136	67	127	167	152	156	163	150	147	155	159	174	168	168	161	154	153	143	139	154	137	121	141	144	154	163	164	163	148	168	168	147	145	147	158	185	180	255	244	224	121	74	254	255	93	65	0	239	243	122	135	0	61	205	128	138	171	120	54	131	176	39	90	162	149	189	158	125	179	192	77	172	170	122	139	124	163	70	178	207	116	122	125	160	165
125	119	144	170	162	152	157	159	178	154	150	168	167	141	132	145	166	150	157	181	171	134	151	218	215	179	179	175	178	159	157	135	139	177	152	173	170	154	152	167	162	151	163	130	119	105	81	125	126	149	177	220	204	125	118	178	165	154	164	151	158	162	146	184	158	158	158	159	158	155	130	147	179	135	143	155	246	41	15	222	157	149	255	102	8	132	255	255	87	197	203	233	255	0	76	47	165	218	160	141	139	198	152	187	255	166	28	110	183	161	163	120	160	219	179	228	135	128	165	101	129	128	139	137	121	171	180	212	150
147	114	127	165	167	156	159	161	158	154	141	131	137	149	144	130	141	147	151	176	169	136	164	213	182	150	155	147	151	141	154	136	138	165	139	186	155	145	183	145	167	164	148	93	162	227	91	95	124	153	148	190	216	163	140	156	159	154	171	136	141	163	138	178	171	176	143	132	132	125	95	150	164	122	168	158	254	59	1	129	12	102	111	31	6	202	236	146	0	255	248	0	82	62	0	150	147	216	161	141	158	205	223	204	255	255	232	166	126	188	188	81	175	225	202	191	151	172	95	97	155	191	142	180	174	196	202	207	255
183	174	150	137	153	169	173	176	196	200	125	134	150	143	190	174	162	154	138	155	152	147	178	181	167	164	133	160	171	130	143	165	144	154	159	169	145	167	174	176	148	122	147	164	142	174	159	141	155	135	144	190	185	156	159	149	140	148	172	152	147	176	171	166	156	151	151	123	132	113	108	128	150	180	158	158	206	143	132	149	131	140	137	25	2	68	4	0	11	248	255	35	186	232	122	106	110	220	185	171	121	119	184	162	239	255	212	141	0	15	109	154	172	174	190	163	120	151	119	108	145	161	151	196	224	180	208	193	222
144	153	153	153	166	172	164	156	181	180	125	136	157	158	191	176	160	179	146	113	114	148	184	171	173	168	131	132	176	175	170	146	147	176	172	153	170	171	160	158	163	141	144	156	151	176	151	141	141	139	157	175	159	145	151	147	153	156	205	185	137	165	182	156	150	159	150	145	162	149	176	176	180	147	127	143	117	121	126	92	83	193	86	18	0	5	10	8	164	154	255	255	110	120	84	122	117	157	159	153	96	129	117	106	170	189	197	150	98	35	66	153	96	81	128	175	175	169	153	163	144	74	181	185	225	131	226	225	113
149	165	171	160	150	150	151	149	157	149	126	138	159	168	180	170	165	195	178	162	173	183	186	175	166	181	184	166	184	163	167	171	156	192	180	145	189	160	142	162	180	177	172	166	143	151	137	154	147	152	170	162	149	158	160	156	141	173	183	153	158	180	164	151	163	159	141	162	168	131	175	166	196	164	167	28	64	117	76	92	98	245	245	255	249	4	0	74	255	46	244	0	9	0	5	116	112	65	93	139	146	223	119	94	219	193	157	122	193	158	104	156	131	137	162	151	168	171	146	181	173	93	175	180	132	94	135	179	103
155	169	177	161	139	143	161	170	144	133	139	148	157	165	161	157	156	178	169	168	186	169	139	135	148	183	205	176	190	167	162	156	170	192	179	159	184	152	142	182	186	180	175	167	127	138	150	164	161	157	165	154	158	180	175	172	130	172	144	112	158	178	146	146	146	152	134	124	146	164	190	122	195	196	154	85	241	250	146	195	230	255	255	236	254	187	7	6	50	6	0	0	115	21	0	43	91	111	131	99	102	211	173	171	166	175	140	124	141	127	81	134	228	138	136	197	226	204	128	127	139	141	136	154	70	139	108	167	118
165	162	171	170	154	152	155	146	145	135	160	164	153	153	145	146	150	160	138	119	147	164	150	153	119	198	216	164	172	188	191	154	157	164	150	150	144	150	138	141	176	149	139	150	124	163	188	168	150	146	147	148	160	171	174	184	154	161	145	127	133	152	160	147	174	132	121	113	142	160	157	113	183	242	67	169	251	240	172	113	154	243	128	13	0	146	245	163	0	4	0	87	119	215	191	132	132	175	154	112	99	94	128	182	173	169	143	161	117	89	98	132	194	133	120	245	210	167	176	132	128	163	173	137	115	153	160	143	137
165	137	143	164	164	160	152	130	146	140	167	173	147	137	137	138	168	149	137	137	157	157	144	168	129	185	161	146	153	167	184	166	156	156	143	146	132	173	148	91	163	154	141	151	131	175	203	173	129	145	140	152	156	145	166	187	174	173	138	138	163	163	165	170	200	175	182	152	141	127	128	132	153	170	0	132	222	233	188	135	107	119	107	0	15	0	8	212	255	9	0	135	133	0	48	175	164	173	124	136	162	96	118	136	134	144	135	135	107	98	138	127	208	237	114	195	204	149	208	158	100	115	171	124	136	122	187	115	12
130	103	125	164	163	158	165	161	151	145	166	179	150	136	149	144	176	140	149	165	155	117	90	120	169	139	40	108	155	156	160	146	186	173	165	165	166	187	164	106	157	196	169	156	147	171	177	160	127	163	141	159	163	137	167	173	162	168	123	146	199	172	155	185	165	236	245	171	156	169	174	125	78	102	90	117	171	154	113	255	120	2	88	2	14	167	161	159	245	148	116	242	184	20	0	134	152	197	178	134	141	181	200	140	232	220	134	117	158	182	92	16	72	125	90	137	176	102	190	255	204	204	196	157	139	134	160	118	0
124	114	157	194	162	128	137	148	161	155	168	189	162	147	171	160	161	148	167	157	141	144	139	156	163	144	29	116	156	164	186	180	186	158	158	158	174	148	140	126	160	220	165	142	166	180	148	130	138	181	139	160	172	143	170	152	145	131	134	183	177	138	157	174	181	206	183	188	212	164	140	83	94	144	85	7	57	197	120	190	79	0	255	100	131	254	255	255	177	152	187	122	86	0	73	148	193	193	219	197	163	220	196	135	244	248	125	135	189	254	140	186	173	128	216	149	118	112	178	196	214	222	139	93	102	141	122	141	119
129	150	186	189	158	152	166	166	172	166	175	167	191	221	187	160	155	147	143	162	153	158	185	152	141	138	145	154	173	173	168	203	156	162	150	143	182	157	140	156	184	216	174	175	167	159	142	136	155	134	143	153	180	175	167	137	163	169	188	175	193	177	167	136	150	140	100	202	255	194	175	178	189	144	78	49	56	255	248	135	52	13	255	170	250	255	0	154	201	71	150	50	66	2	121	163	169	199	192	165	144	234	195	110	163	211	137	105	188	201	181	240	253	246	164	188	142	155	180	156	186	214	172	126	137	225	171	155	142
136	151	179	184	164	163	176	173	184	167	160	150	166	178	164	180	160	123	131	181	183	160	151	128	148	152	168	165	162	157	152	176	157	164	152	153	184	163	146	169	216	181	172	148	138	183	151	158	148	151	168	156	164	163	165	138	173	187	174	151	151	169	159	133	72	156	163	156	170	171	160	177	188	255	255	236	253	224	206	120	0	221	251	248	255	255	106	177	159	188	120	232	136	28	90	146	201	137	130	162	188	198	149	151	184	153	133	102	149	130	110	166	211	153	131	114	145	227	255	249	241	232	236	225	209	232	180	139	136
158	161	174	175	165	167	170	162	177	162	149	150	168	165	174	237	193	141	145	168	162	154	160	177	164	149	162	167	173	183	176	175	169	178	165	173	193	173	140	150	135	152	168	169	122	140	185	196	175	151	163	168	169	142	153	159	170	181	151	149	138	164	142	135	138	241	230	128	134	139	178	167	136	154	237	153	123	205	144	96	10	255	253	80	71	58	124	205	255	168	72	0	6	4	74	182	153	114	131	146	182	184	155	180	151	141	142	86	168	122	72	184	173	104	124	129	169	229	211	165	209	223	198	157	214	225	178	149	168
169	166	164	164	167	171	167	155	178	175	155	154	163	136	140	208	160	140	160	154	150	168	159	159	178	142	149	157	157	165	160	156	182	180	151	154	182	187	153	142	158	177	167	183	162	152	183	161	162	121	126	146	166	148	162	172	151	178	148	134	132	173	153	142	154	229	207	108	123	92	255	239	238	164	93	0	7	222	249	253	0	240	251	8	249	164	0	76	237	103	61	21	0	83	219	202	158	141	150	167	156	132	107	107	113	137	155	62	88	99	109	203	158	143	158	196	150	162	177	177	193	172	140	153	255	197	173	220	189
152	150	146	151	168	177	171	162	173	184	161	155	161	129	122	164	150	142	156	144	159	187	151	117	160	137	161	172	151	142	149	171	158	140	102	98	151	190	181	161	144	131	143	126	154	176	148	164	154	146	152	142	161	171	176	147	145	189	158	105	120	175	172	148	165	180	166	118	117	73	154	40	5	0	107	188	154	187	254	255	252	255	255	255	247	199	89	206	193	200	212	244	165	129	168	172	159	173	155	187	166	186	152	61	167	146	127	134	190	158	119	211	168	150	151	168	133	145	154	143	112	66	58	103	175	125	166	204	178
132	137	134	139	159	166	157	152	153	172	152	152	166	150	146	159	171	164	157	141	145	158	144	133	148	139	170	188	178	165	160	180	169	148	135	131	191	215	224	208	140	171	184	157	158	136	136	170	143	145	168	167	174	164	166	147	158	175	149	132	146	152	142	157	181	153	164	158	175	220	162	0	0	7	1	152	195	161	180	248	255	9	2	206	41	242	255	202	208	162	186	146	213	211	129	157	103	142	121	146	131	186	150	49	195	112	178	255	245	250	241	217	72	129	234	173	137	131	139	137	139	126	75	105	178	169	198	202	109
132	146	143	142	157	154	139	138	159	171	151	155	163	149	145	134	141	166	165	155	141	128	133	135	153	158	175	178	183	177	150	151	164	142	160	149	183	151	177	187	95	133	139	158	170	135	170	158	123	107	139	168	177	146	156	169	159	165	137	168	164	145	115	166	157	132	159	132	162	221	213	152	255	242	4	39	0	39	246	255	255	106	106	0	0	223	248	122	137	126	175	157	102	173	197	146	159	146	141	160	148	128	87	126	119	158	244	182	161	219	211	189	92	167	243	181	192	204	216	189	179	149	69	165	218	142	125	179	152
141	161	160	157	168	159	142	143	175	181	166	180	184	166	163	140	145	181	165	154	149	147	163	151	134	170	193	178	184	192	176	184	189	154	179	151	157	87	141	189	109	94	150	149	152	157	166	163	176	157	169	171	173	150	153	148	145	188	143	154	135	167	133	171	165	137	163	141	207	158	202	196	253	251	167	57	4	74	255	247	253	0	142	0	150	246	255	0	95	164	201	149	115	140	178	140	140	138	160	134	167	167	131	241	202	148	205	157	188	150	46	61	189	255	223	192	184	178	193	141	163	122	69	186	158	106	155	226	254
172	183	168	156	170	171	158	158	157	179	199	170	182	171	156	160	152	163	171	168	162	161	163	164	168	201	192	179	183	189	190	170	162	176	171	143	187	148	154	194	183	177	172	162	155	164	170	160	136	154	162	150	138	140	149	155	161	157	157	164	146	180	176	139	157	130	170	158	210	183	185	71	255	255	1	0	24	189	255	255	144	3	81	238	255	253	255	119	146	157	156	137	164	159	160	162	151	166	171	152	150	145	128	145	156	122	123	154	201	176	66	121	234	253	235	182	166	113	137	120	105	211	241	222	226	226	172	189	168
